Wavelength (nm)	Cross section (cm2)
2.1009e+02	3.8068e-19
2.1021e+02	3.7356e-19
2.1032e+02	3.6876e-19
2.1044e+02	3.7064e-19
2.1056e+02	3.7640e-19
2.1068e+02	3.7856e-19
2.1079e+02	3.7832e-19
2.1091e+02	3.8320e-19
2.1103e+02	3.9688e-19
2.1114e+02	4.0576e-19
2.1126e+02	4.0472e-19
2.1138e+02	4.1348e-19
2.1149e+02	4.2404e-19
2.1161e+02	4.4084e-19
2.1173e+02	4.4216e-19
2.1185e+02	4.5320e-19
2.1196e+02	4.5804e-19
2.1208e+02	4.6348e-19
2.1220e+02	4.6900e-19
2.1231e+02	4.7436e-19
2.1243e+02	4.8284e-19
2.1255e+02	4.9380e-19
2.1266e+02	5.0268e-19
2.1278e+02	5.0532e-19
2.1290e+02	4.9820e-19
2.1302e+02	4.8892e-19
2.1313e+02	4.7736e-19
2.1325e+02	4.6200e-19
2.1337e+02	4.5720e-19
2.1348e+02	4.5196e-19
2.1360e+02	4.5500e-19
2.1372e+02	4.5144e-19
2.1383e+02	4.4232e-19
2.1395e+02	4.3080e-19
2.1407e+02	4.2712e-19
2.1418e+02	4.2316e-19
2.1430e+02	4.1820e-19
2.1442e+02	4.2072e-19
2.1453e+02	4.2392e-19
2.1465e+02	4.2920e-19
2.1477e+02	4.2600e-19
2.1488e+02	4.2504e-19
2.1500e+02	4.0200e-19
2.1512e+02	3.9720e-19
2.1524e+02	4.0988e-19
2.1535e+02	3.9980e-19
2.1547e+02	3.9852e-19
2.1559e+02	4.0908e-19
2.1570e+02	4.2020e-19
2.1582e+02	4.4068e-19
2.1594e+02	4.5872e-19
2.1605e+02	4.6880e-19
2.1617e+02	4.7708e-19
2.1629e+02	4.8092e-19
2.1640e+02	4.8480e-19
2.1652e+02	4.8448e-19
2.1664e+02	4.8832e-19
2.1675e+02	4.9800e-19
2.1687e+02	4.9704e-19
2.1699e+02	4.9976e-19
2.1710e+02	5.0000e-19
2.1722e+02	4.9620e-19
2.1734e+02	4.8708e-19
2.1745e+02	4.7620e-19
2.1757e+02	4.7100e-19
2.1769e+02	4.6268e-19
2.1780e+02	4.5140e-19
2.1792e+02	4.4276e-19
2.1803e+02	4.3220e-19
2.1815e+02	4.1760e-19
2.1827e+02	4.2000e-19
2.1838e+02	4.1984e-19
2.1850e+02	4.1600e-19
2.1862e+02	4.2656e-19
2.1873e+02	4.1944e-19
2.1885e+02	4.1640e-19
2.1897e+02	3.9776e-19
2.1908e+02	3.8752e-19
2.1920e+02	3.8680e-19
2.1932e+02	3.8296e-19
2.1943e+02	3.7548e-19
2.1955e+02	3.7340e-19
2.1967e+02	3.7880e-19
2.1978e+02	3.8416e-19
2.1990e+02	3.9200e-19
2.2002e+02	3.9808e-19
2.2013e+02	4.0876e-19
2.2025e+02	4.0300e-19
2.2036e+02	4.1620e-19
2.2048e+02	4.3144e-19
2.2060e+02	4.5160e-19
2.2071e+02	4.6280e-19
2.2083e+02	4.7624e-19
2.2095e+02	4.8560e-19
2.2106e+02	4.8752e-19
2.2118e+02	4.8612e-19
2.2130e+02	4.8300e-19
2.2141e+02	4.8252e-19
2.2153e+02	4.8780e-19
2.2164e+02	4.8268e-19
2.2176e+02	4.7348e-19
2.2188e+02	4.7848e-19
2.2199e+02	4.6704e-19
2.2211e+02	4.5632e-19
2.2223e+02	4.5248e-19
2.2234e+02	4.3400e-19
2.2246e+02	4.1612e-19
2.2257e+02	4.1436e-19
2.2269e+02	4.1024e-19
2.2281e+02	3.9824e-19
2.2292e+02	3.8588e-19
2.2304e+02	3.6924e-19
2.2316e+02	3.5672e-19
2.2327e+02	3.5504e-19
2.2339e+02	3.5000e-19
2.2350e+02	3.5000e-19
2.2362e+02	3.4232e-19
2.2374e+02	3.4752e-19
2.2385e+02	3.4720e-19
2.2397e+02	3.4928e-19
2.2408e+02	3.5512e-19
2.2420e+02	3.6100e-19
2.2432e+02	3.6244e-19
2.2443e+02	3.6596e-19
2.2455e+02	3.5900e-19
2.2466e+02	3.3624e-19
2.2478e+02	3.2472e-19
2.2490e+02	3.2640e-19
2.2501e+02	3.2336e-19
2.2513e+02	3.1640e-19
2.2525e+02	3.2600e-19
2.2536e+02	3.4008e-19
2.2548e+02	3.5712e-19
2.2559e+02	3.6936e-19
2.2571e+02	3.9544e-19
2.2583e+02	4.1496e-19
2.2594e+02	4.3352e-19
2.2606e+02	4.5608e-19
2.2617e+02	4.6952e-19
2.2629e+02	4.7112e-19
2.2641e+02	4.6276e-19
2.2652e+02	4.5396e-19
2.2664e+02	4.3560e-19
2.2675e+02	4.1800e-19
2.2687e+02	3.9592e-19
2.2698e+02	3.7232e-19
2.2710e+02	3.5440e-19
2.2722e+02	3.6544e-19
2.2733e+02	3.3480e-19
2.2745e+02	3.0900e-19
2.2756e+02	2.9348e-19
2.2768e+02	2.8188e-19
2.2780e+02	2.8420e-19
2.2791e+02	2.8824e-19
2.2803e+02	2.9328e-19
2.2814e+02	2.8968e-19
2.2826e+02	2.8144e-19
2.2838e+02	2.9780e-19
2.2849e+02	2.9340e-19
2.2861e+02	2.8684e-19
2.2872e+02	2.7536e-19
2.2884e+02	2.7272e-19
2.2895e+02	2.6340e-19
2.2907e+02	2.5308e-19
2.2919e+02	2.4428e-19
2.2930e+02	2.3380e-19
2.2942e+02	2.2384e-19
2.2953e+02	2.2000e-19
2.2965e+02	2.2040e-19
2.2976e+02	2.2208e-19
2.2988e+02	2.2380e-19
2.3000e+02	2.4300e-19
2.3011e+02	2.4652e-19
2.3023e+02	2.5708e-19
2.3034e+02	2.6620e-19
2.3046e+02	2.6492e-19
2.3057e+02	2.7308e-19
2.3069e+02	2.8516e-19
2.3081e+02	2.9044e-19
2.3092e+02	2.9812e-19
2.3104e+02	3.0772e-19
2.3115e+02	3.0520e-19
2.3127e+02	3.0520e-19
2.3138e+02	3.0068e-19
2.3150e+02	2.9300e-19
2.3161e+02	2.8332e-19
2.3173e+02	2.8032e-19
2.3185e+02	2.6800e-19
2.3196e+02	2.6568e-19
2.3208e+02	2.6088e-19
2.3219e+02	2.5904e-19
2.3231e+02	2.6288e-19
2.3242e+02	2.7032e-19
2.3254e+02	2.7736e-19
2.3265e+02	2.7480e-19
2.3277e+02	2.6808e-19
2.3289e+02	2.5572e-19
2.3300e+02	2.3900e-19
2.3312e+02	2.2748e-19
2.3323e+02	2.1356e-19
2.3335e+02	1.9420e-19
2.3346e+02	1.7912e-19
2.3358e+02	1.6504e-19
2.3369e+02	1.5116e-19
2.3381e+02	1.4012e-19
2.3392e+02	1.3520e-19
2.3404e+02	1.3104e-19
2.3416e+02	1.2900e-19
2.3427e+02	1.2852e-19
2.3439e+02	1.2468e-19
2.3450e+02	1.1500e-19
2.3462e+02	1.0348e-19
2.3473e+02	1.0720e-19
2.3485e+02	1.2240e-19
2.3496e+02	1.4096e-19
2.3508e+02	1.5056e-19
2.3519e+02	1.6864e-19
2.3531e+02	1.9552e-19
2.3542e+02	2.0728e-19
2.3554e+02	2.0184e-19
2.3565e+02	1.8760e-19
2.3577e+02	1.6440e-19
2.3589e+02	1.5420e-19
2.3600e+02	1.4100e-19
2.3612e+02	1.3140e-19
2.3623e+02	1.3688e-19
2.3635e+02	1.4440e-19
2.3646e+02	1.5416e-19
2.3658e+02	1.5672e-19
2.3669e+02	1.5444e-19
2.3681e+02	1.5060e-19
2.3692e+02	1.4836e-19
2.3704e+02	1.5060e-19
2.3715e+02	1.5500e-19
2.3727e+02	1.6092e-19
2.3738e+02	1.7132e-19
2.3750e+02	1.7900e-19
2.3761e+02	1.8076e-19
2.3773e+02	1.7260e-19
2.3784e+02	1.6164e-19
2.3796e+02	1.4848e-19
2.3807e+02	1.3448e-19
2.3819e+02	1.2076e-19
2.3830e+02	1.1140e-19
2.3842e+02	1.0064e-19
2.3853e+02	9.0404e-20
2.3865e+02	8.6040e-20
2.3876e+02	7.6864e-20
2.3888e+02	7.1236e-20
2.3899e+02	8.3028e-20
2.3911e+02	1.1041e-19
2.3922e+02	1.1932e-19
2.3934e+02	1.2100e-19
2.3945e+02	1.1200e-19
2.3957e+02	1.0102e-19
2.3968e+02	9.3008e-20
2.3980e+02	8.2600e-20
2.3991e+02	7.2616e-20
2.4003e+02	6.4144e-20
2.4014e+02	5.5412e-20
2.4026e+02	5.6860e-20
2.4037e+02	4.7620e-20
2.4049e+02	3.8000e-20
2.4060e+02	2.8240e-20
2.4072e+02	2.9116e-20
2.4083e+02	2.7988e-20
2.4095e+02	2.6560e-20
2.4106e+02	2.2992e-20
2.4118e+02	1.7012e-20
2.4129e+02	1.7684e-20
2.4141e+02	2.2080e-20
2.4152e+02	1.6360e-20
2.4164e+02	2.9392e-20
2.4175e+02	2.6400e-20
2.4187e+02	3.9936e-20
2.4198e+02	6.8976e-20
2.4210e+02	1.0848e-19
2.4221e+02	1.3332e-19
2.4233e+02	1.4356e-19
2.4244e+02	1.3200e-19
2.4256e+02	1.1328e-19
2.4267e+02	9.7828e-20
2.4279e+02	7.8308e-20
2.4290e+02	6.6520e-20
2.4302e+02	6.1976e-20
2.4313e+02	6.3064e-20
2.4325e+02	6.7000e-20
2.4336e+02	5.5472e-20
2.4347e+02	5.0556e-20
2.4359e+02	4.1436e-20
2.4370e+02	3.7640e-20
2.4382e+02	3.4064e-20
2.4393e+02	2.9004e-20
2.4405e+02	2.4180e-20
2.4416e+02	2.2964e-20
2.4428e+02	2.5148e-20
2.4439e+02	2.2740e-20
2.4451e+02	1.8404e-20
2.4462e+02	2.3948e-20
2.4474e+02	3.7172e-20
2.4485e+02	4.8460e-20
2.4497e+02	4.5300e-20
2.4508e+02	3.9916e-20
2.4519e+02	3.1920e-20
2.4531e+02	2.8704e-20
2.4542e+02	2.7852e-20
2.4554e+02	2.0364e-20
2.4565e+02	1.7780e-20
2.4577e+02	2.1380e-20
2.4588e+02	2.6700e-20
2.4600e+02	4.3500e-20
2.4611e+02	4.0860e-20
2.4623e+02	3.3948e-20
2.4634e+02	2.9748e-20
2.4645e+02	2.9740e-20
2.4657e+02	2.5684e-20
2.4668e+02	2.0448e-20
2.4680e+02	1.9200e-20
2.4691e+02	1.9568e-20
2.4703e+02	1.7672e-20
2.4714e+02	1.5592e-20
2.4726e+02	1.2784e-20
2.4737e+02	1.4808e-20
2.4749e+02	1.8304e-20
2.4760e+02	1.5320e-20
2.4771e+02	1.2732e-20
2.4783e+02	1.0473e-20
2.4794e+02	8.7028e-21
2.4806e+02	8.8612e-21
2.4817e+02	1.1620e-20
2.4829e+02	1.3060e-20
2.4840e+02	1.0900e-20
2.4851e+02	1.4468e-20
2.4863e+02	1.4116e-20
2.4874e+02	1.4468e-20
2.4886e+02	9.2728e-21
2.4897e+02	1.2542e-20
2.4909e+02	3.2016e-20
2.4920e+02	5.6020e-20
2.4931e+02	6.2116e-20
2.4943e+02	4.9460e-20
2.4954e+02	3.8740e-20
2.4966e+02	3.3544e-20
2.4977e+02	2.7656e-20
2.4989e+02	1.7828e-20
2.5000e+02	2.8300e-20
2.5011e+02	1.5804e-20
2.5023e+02	1.7880e-20
2.5034e+02	1.7016e-20
2.5046e+02	1.5380e-20
2.5057e+02	1.4452e-20
2.5069e+02	1.3164e-20
2.5080e+02	1.3020e-20
2.5091e+02	1.4016e-20
2.5103e+02	1.3248e-20
2.5114e+02	1.1632e-20
2.5126e+02	1.2784e-20
2.5137e+02	1.4808e-20
2.5149e+02	1.1496e-20
2.5160e+02	7.8960e-21
2.5171e+02	1.1102e-20
2.5183e+02	1.3512e-20
2.5194e+02	1.1268e-20
2.5206e+02	8.7524e-21
2.5217e+02	9.9064e-21
2.5228e+02	1.3092e-20
2.5240e+02	1.5600e-20
2.5251e+02	1.5664e-20
2.5263e+02	1.6236e-20
2.5274e+02	1.2628e-20
2.5285e+02	1.6460e-20
2.5297e+02	2.0844e-20
2.5308e+02	1.5500e-20
2.5320e+02	1.2800e-20
2.5331e+02	1.3928e-20
2.5342e+02	1.4356e-20
2.5354e+02	1.1732e-20
2.5365e+02	8.2600e-21
2.5377e+02	1.5396e-20
2.5388e+02	2.0128e-20
2.5399e+02	2.0744e-20
2.5411e+02	1.5608e-20
2.5422e+02	1.6876e-20
2.5434e+02	1.2388e-20
2.5445e+02	1.2860e-20
2.5456e+02	1.5028e-20
2.5468e+02	1.7888e-20
2.5479e+02	1.8304e-20
2.5491e+02	1.3420e-20
2.5502e+02	1.3609e-20
2.5513e+02	9.2408e-21
2.5525e+02	1.6700e-20
2.5536e+02	1.5116e-20
2.5547e+02	1.6572e-20
2.5559e+02	1.3356e-20
2.5570e+02	1.3220e-20
2.5582e+02	1.4772e-20
2.5593e+02	1.3320e-20
2.5604e+02	1.4000e-20
2.5616e+02	1.9876e-20
2.5627e+02	1.7084e-20
2.5639e+02	1.5572e-20
2.5650e+02	2.0500e-20
2.5661e+02	1.6188e-20
2.5673e+02	1.0619e-20
2.5684e+02	1.0484e-20
2.5695e+02	1.2360e-20
2.5707e+02	1.3176e-20
2.5718e+02	1.5156e-20
2.5730e+02	1.6380e-20
2.5741e+02	1.2952e-20
2.5752e+02	1.0240e-20
2.5764e+02	1.1956e-20
2.5775e+02	1.5300e-20
2.5786e+02	1.6884e-20
2.5798e+02	1.6512e-20
2.5809e+02	1.7480e-20
2.5820e+02	1.6520e-20
2.5832e+02	1.5208e-20
2.5843e+02	1.7848e-20
2.5855e+02	1.9200e-20
2.5866e+02	1.7784e-20
2.5877e+02	2.1448e-20
2.5889e+02	1.2136e-20
2.5900e+02	1.9000e-20
2.5911e+02	1.7680e-20
2.5923e+02	1.4644e-20
2.5934e+02	1.8924e-20
2.5945e+02	1.6600e-20
2.5957e+02	1.8784e-20
2.5968e+02	2.1732e-20
2.5980e+02	1.9300e-20
2.5991e+02	1.7920e-20
2.6002e+02	1.8696e-20
2.6014e+02	1.7328e-20
2.6025e+02	1.9000e-20
2.6036e+02	1.4688e-20
2.6048e+02	1.5108e-20
2.6059e+02	1.5804e-20
2.6070e+02	1.6660e-20
2.6082e+02	1.8332e-20
2.6093e+02	1.8024e-20
2.6104e+02	1.6048e-20
2.6116e+02	1.4964e-20
2.6127e+02	1.4292e-20
2.6138e+02	1.5476e-20
2.6150e+02	1.9700e-20
2.6161e+02	1.6092e-20
2.6172e+02	1.4764e-20
2.6184e+02	1.8532e-20
2.6195e+02	2.0340e-20
2.6206e+02	1.9252e-20
2.6218e+02	1.8692e-20
2.6229e+02	1.9828e-20
2.6240e+02	1.9420e-20
2.6252e+02	1.7420e-20
2.6263e+02	2.1020e-20
2.6274e+02	1.7060e-20
2.6286e+02	1.9692e-20
2.6297e+02	2.1772e-20
2.6308e+02	2.3516e-20
2.6320e+02	2.3720e-20
2.6331e+02	2.2008e-20
2.6342e+02	1.9816e-20
2.6354e+02	1.9208e-20
2.6365e+02	1.9900e-20
2.6376e+02	1.7644e-20
2.6388e+02	1.9360e-20
2.6399e+02	2.0680e-20
2.6410e+02	2.1120e-20
2.6422e+02	1.8920e-20
2.6433e+02	2.1784e-20
2.6444e+02	2.0888e-20
2.6456e+02	2.1800e-20
2.6467e+02	2.4620e-20
2.6478e+02	2.2868e-20
2.6490e+02	2.2820e-20
2.6501e+02	2.0828e-20
2.6512e+02	2.4436e-20
2.6524e+02	2.6624e-20
2.6535e+02	2.5040e-20
2.6546e+02	2.4804e-20
2.6557e+02	2.3444e-20
2.6569e+02	2.2872e-20
2.6580e+02	2.3120e-20
2.6591e+02	2.3008e-20
2.6603e+02	2.3272e-20
2.6614e+02	2.1240e-20
2.6625e+02	1.8600e-20
2.6637e+02	2.0712e-20
2.6648e+02	2.2060e-20
2.6659e+02	2.0428e-20
2.6671e+02	2.1196e-20
2.6682e+02	2.4028e-20
2.6693e+02	2.5040e-20
2.6704e+02	2.4552e-20
2.6716e+02	2.5188e-20
2.6727e+02	2.5380e-20
2.6738e+02	2.7752e-20
2.6750e+02	2.4200e-20
2.6761e+02	2.3848e-20
2.6772e+02	2.4940e-20
2.6783e+02	2.5044e-20
2.6795e+02	2.4240e-20
2.6806e+02	2.3608e-20
2.6817e+02	2.4480e-20
2.6829e+02	2.6880e-20
2.6840e+02	2.7900e-20
2.6851e+02	2.7900e-20
2.6863e+02	2.7928e-20
2.6874e+02	2.8544e-20
2.6885e+02	2.7160e-20
2.6896e+02	2.7548e-20
2.6908e+02	3.0012e-20
2.6919e+02	3.0628e-20
2.6930e+02	2.9980e-20
2.6942e+02	2.9368e-20
2.6953e+02	2.8888e-20
2.6964e+02	2.9704e-20
2.6975e+02	2.9000e-20
2.6987e+02	3.0440e-20
2.6998e+02	3.1088e-20
2.7009e+02	3.1200e-20
2.7020e+02	3.0360e-20
2.7032e+02	3.0808e-20
2.7043e+02	3.0808e-20
2.7054e+02	3.0024e-20
2.7066e+02	3.0304e-20
2.7077e+02	2.9384e-20
2.7088e+02	2.7332e-20
2.7099e+02	3.0236e-20
2.7111e+02	3.1468e-20
2.7122e+02	3.1296e-20
2.7133e+02	2.9344e-20
2.7144e+02	2.8300e-20
2.7156e+02	2.8636e-20
2.7167e+02	2.9000e-20
2.7178e+02	2.9264e-20
2.7190e+02	3.0260e-20
2.7201e+02	3.0956e-20
2.7212e+02	3.1572e-20
2.7223e+02	2.9752e-20
2.7235e+02	3.3240e-20
2.7246e+02	3.2704e-20
2.7257e+02	3.2616e-20
2.7268e+02	3.3100e-20
2.7280e+02	3.4740e-20
2.7291e+02	3.7396e-20
2.7302e+02	3.7724e-20
2.7313e+02	3.6788e-20
2.7325e+02	3.6500e-20
2.7336e+02	3.7732e-20
2.7347e+02	3.7368e-20
2.7358e+02	3.6752e-20
2.7370e+02	3.7340e-20
2.7381e+02	3.8476e-20
2.7392e+02	3.8164e-20
2.7403e+02	3.7124e-20
2.7415e+02	3.9320e-20
2.7426e+02	4.0200e-20
2.7437e+02	4.0200e-20
2.7448e+02	3.8604e-20
2.7460e+02	3.9820e-20
2.7471e+02	3.8908e-20
2.7482e+02	4.0372e-20
2.7493e+02	4.1208e-20
2.7505e+02	4.0320e-20
2.7516e+02	4.0500e-20
2.7527e+02	4.0452e-20
2.7538e+02	4.0244e-20
2.7550e+02	4.1300e-20
2.7561e+02	4.0948e-20
2.7572e+02	4.0064e-20
2.7583e+02	3.9544e-20
2.7595e+02	3.9400e-20
2.7606e+02	3.9592e-20
2.7617e+02	4.0340e-20
2.7628e+02	4.1204e-20
2.7639e+02	4.0996e-20
2.7651e+02	4.1756e-20
2.7662e+02	4.2372e-20
2.7673e+02	4.1140e-20
2.7684e+02	4.3348e-20
2.7696e+02	4.3008e-20
2.7707e+02	4.2624e-20
2.7718e+02	4.2448e-20
2.7729e+02	4.2736e-20
2.7740e+02	4.4000e-20
2.7752e+02	4.2800e-20
2.7763e+02	4.2920e-20
2.7774e+02	4.5560e-20
2.7785e+02	4.4840e-20
2.7797e+02	4.7184e-20
2.7808e+02	4.7296e-20
2.7819e+02	4.7836e-20
2.7830e+02	4.7660e-20
2.7841e+02	4.6828e-20
2.7853e+02	4.8532e-20
2.7864e+02	4.7952e-20
2.7875e+02	4.7600e-20
2.7886e+02	5.1560e-20
2.7898e+02	5.0504e-20
2.7909e+02	4.9408e-20
2.7920e+02	5.1140e-20
2.7931e+02	5.3748e-20
2.7942e+02	5.5352e-20
2.7954e+02	5.5448e-20
2.7965e+02	5.5300e-20
2.7976e+02	5.7492e-20
2.7987e+02	5.5204e-20
2.7998e+02	5.5352e-20
2.8010e+02	5.3080e-20
2.8021e+02	5.4472e-20
2.8032e+02	5.3944e-20
2.8043e+02	5.2976e-20
2.8054e+02	5.3680e-20
2.8066e+02	5.4168e-20
2.8077e+02	5.2928e-20
2.8088e+02	5.3688e-20
2.8099e+02	5.5624e-20
2.8110e+02	5.5240e-20
2.8122e+02	5.6164e-20
2.8133e+02	5.6500e-20
2.8144e+02	5.7852e-20
2.8155e+02	5.8540e-20
2.8166e+02	5.7364e-20
2.8178e+02	5.6068e-20
2.8189e+02	5.4568e-20
2.8200e+02	5.3600e-20
2.8211e+02	5.2632e-20
2.8222e+02	5.4704e-20
2.8234e+02	5.4896e-20
2.8245e+02	5.3800e-20
2.8256e+02	5.3200e-20
2.8267e+02	5.3992e-20
2.8278e+02	5.5040e-20
2.8289e+02	5.4128e-20
2.8301e+02	5.5920e-20
2.8312e+02	5.7240e-20
2.8323e+02	5.9148e-20
2.8334e+02	5.9500e-20
2.8345e+02	6.0640e-20
2.8357e+02	6.2856e-20
2.8368e+02	6.3164e-20
2.8379e+02	6.6516e-20
2.8390e+02	7.3220e-20
2.8401e+02	6.2764e-20
2.8412e+02	6.5668e-20
2.8424e+02	6.5524e-20
2.8435e+02	6.6940e-20
2.8446e+02	6.7572e-20
2.8457e+02	6.7924e-20
2.8468e+02	6.8408e-20
2.8479e+02	6.9152e-20
2.8491e+02	6.9900e-20
2.8502e+02	6.9788e-20
2.8513e+02	6.9320e-20
2.8524e+02	7.1960e-20
2.8535e+02	7.1320e-20
2.8546e+02	7.2052e-20
2.8558e+02	7.3012e-20
2.8569e+02	7.2884e-20
2.8580e+02	7.3420e-20
2.8591e+02	7.4268e-20
2.8602e+02	7.3444e-20
2.8613e+02	7.6300e-20
2.8625e+02	7.6300e-20
2.8636e+02	7.6564e-20
2.8647e+02	7.5460e-20
2.8658e+02	7.4332e-20
2.8669e+02	7.4160e-20
2.8680e+02	7.3960e-20
2.8691e+02	7.3412e-20
2.8703e+02	7.3244e-20
2.8714e+02	7.1800e-20
2.8725e+02	7.1800e-20
2.8736e+02	7.4440e-20
2.8747e+02	7.3964e-20
2.8758e+02	7.3700e-20
2.8770e+02	7.2980e-20
2.8781e+02	7.3412e-20
2.8792e+02	7.5192e-20
2.8803e+02	7.6528e-20
2.8814e+02	7.6120e-20
2.8825e+02	7.4800e-20
2.8836e+02	7.5064e-20
2.8848e+02	7.5436e-20
2.8859e+02	7.5788e-20
2.8870e+02	7.6560e-20
2.8881e+02	7.7528e-20
2.8892e+02	7.8388e-20
2.8903e+02	7.9428e-20
2.8914e+02	8.1016e-20
2.8925e+02	8.0400e-20
2.8937e+02	8.1072e-20
2.8948e+02	8.2696e-20
2.8959e+02	8.2712e-20
2.8970e+02	8.2360e-20
2.8981e+02	8.3832e-20
2.8992e+02	8.4232e-20
2.9003e+02	8.1176e-20
2.9015e+02	7.9500e-20
2.9026e+02	8.0716e-20
2.9037e+02	8.0892e-20
2.9048e+02	8.0144e-20
2.9059e+02	8.7992e-20
2.9070e+02	9.1820e-20
2.9081e+02	8.5484e-20
2.9092e+02	8.5624e-20
2.9104e+02	9.5544e-20
2.9115e+02	9.1360e-20
2.9126e+02	1.0321e-19
2.9137e+02	9.4496e-20
2.9148e+02	1.0326e-19
2.9159e+02	1.0860e-19
2.9170e+02	1.0760e-19
2.9181e+02	1.0552e-19
2.9192e+02	1.0093e-19
2.9204e+02	9.5716e-20
2.9215e+02	9.8740e-20
2.9226e+02	9.3644e-20
2.9237e+02	9.3028e-20
2.9248e+02	1.0392e-19
2.9259e+02	1.0168e-19
2.9270e+02	9.4240e-20
2.9281e+02	9.7888e-20
2.9293e+02	1.0226e-19
2.9304e+02	1.0022e-19
2.9315e+02	1.0436e-19
2.9326e+02	9.7384e-20
2.9337e+02	9.2808e-20
2.9348e+02	8.7896e-20
2.9359e+02	8.6784e-20
2.9370e+02	8.9580e-20
2.9381e+02	9.3804e-20
2.9392e+02	9.5796e-20
2.9404e+02	9.2852e-20
2.9415e+02	9.0300e-20
2.9426e+02	9.7140e-20
2.9437e+02	9.3180e-20
2.9448e+02	9.6108e-20
2.9459e+02	9.6988e-20
2.9470e+02	9.8000e-20
2.9481e+02	9.8072e-20
2.9492e+02	9.7212e-20
2.9503e+02	9.7732e-20
2.9514e+02	1.0062e-19
2.9526e+02	9.8456e-20
2.9537e+02	1.0567e-19
2.9548e+02	9.5080e-20
2.9559e+02	9.1920e-20
2.9570e+02	8.9940e-20
2.9581e+02	9.2308e-20
2.9592e+02	9.4920e-20
2.9603e+02	9.4680e-20
2.9614e+02	9.9292e-20
2.9625e+02	9.4100e-20
2.9636e+02	1.0897e-19
2.9648e+02	1.1184e-19
2.9659e+02	1.0984e-19
2.9670e+02	1.1260e-19
2.9681e+02	1.1548e-19
2.9692e+02	1.1816e-19
2.9703e+02	1.2344e-19
2.9714e+02	1.2848e-19
2.9725e+02	1.3200e-19
2.9736e+02	1.2672e-19
2.9747e+02	1.3284e-19
2.9758e+02	1.3628e-19
2.9769e+02	1.3648e-19
2.9780e+02	1.3520e-19
2.9792e+02	1.2788e-19
2.9803e+02	1.1748e-19
2.9814e+02	1.1852e-19
2.9825e+02	1.1500e-19
2.9836e+02	1.1500e-19
2.9847e+02	1.2184e-19
2.9858e+02	1.1824e-19
2.9869e+02	1.1552e-19
2.9880e+02	1.1800e-19
2.9891e+02	1.2240e-19
2.9902e+02	1.2600e-19
2.9913e+02	1.2572e-19
2.9924e+02	1.1956e-19
2.9935e+02	1.1500e-19
2.9946e+02	1.2352e-19
2.9957e+02	1.2688e-19
2.9969e+02	1.2236e-19
2.9980e+02	1.2420e-19
2.9991e+02	1.2780e-19
3.0002e+02	1.1828e-19
3.0013e+02	1.2448e-19
3.0024e+02	1.1304e-19
3.0035e+02	1.1680e-19
3.0046e+02	1.2344e-19
3.0057e+02	1.2376e-19
3.0068e+02	1.2156e-19
3.0079e+02	1.2132e-19
3.0090e+02	1.2220e-19
3.0101e+02	1.2292e-19
3.0112e+02	1.2204e-19
3.0123e+02	1.1864e-19
3.0134e+02	1.2664e-19
3.0145e+02	1.3000e-19
3.0156e+02	1.3288e-19
3.0167e+02	1.3672e-19
3.0178e+02	1.3728e-19
3.0190e+02	1.3580e-19
3.0201e+02	1.3972e-19
3.0212e+02	1.4764e-19
3.0223e+02	1.3456e-19
3.0234e+02	1.4064e-19
3.0245e+02	1.4940e-19
3.0256e+02	1.4964e-19
3.0267e+02	1.4744e-19
3.0278e+02	1.4952e-19
3.0289e+02	1.4932e-19
3.0300e+02	1.5900e-19
3.0311e+02	1.5372e-19
3.0322e+02	1.4768e-19
3.0333e+02	1.4920e-19
3.0344e+02	1.5256e-19
3.0355e+02	1.5520e-19
3.0366e+02	1.5616e-19
3.0377e+02	1.5560e-19
3.0388e+02	1.6384e-19
3.0399e+02	1.6032e-19
3.0410e+02	1.5760e-19
3.0421e+02	1.5156e-19
3.0432e+02	1.4956e-19
3.0443e+02	1.5352e-19
3.0454e+02	1.5544e-19
3.0465e+02	1.5000e-19
3.0476e+02	1.5032e-19
3.0487e+02	1.5384e-19
3.0498e+02	1.6408e-19
3.0509e+02	1.5880e-19
3.0520e+02	1.5540e-19
3.0531e+02	1.5356e-19
3.0542e+02	1.5524e-19
3.0553e+02	1.5884e-19
3.0564e+02	1.5212e-19
3.0575e+02	1.5300e-19
3.0586e+02	1.4332e-19
3.0597e+02	1.5416e-19
3.0608e+02	1.5672e-19
3.0619e+02	1.5548e-19
3.0630e+02	1.5740e-19
3.0641e+02	1.5428e-19
3.0652e+02	1.3876e-19
3.0663e+02	1.4848e-19
3.0674e+02	1.5904e-19
3.0685e+02	1.6080e-19
3.0696e+02	1.6236e-19
3.0707e+02	1.6468e-19
3.0718e+02	1.6820e-19
3.0729e+02	1.6972e-19
3.0740e+02	1.6740e-19
3.0751e+02	1.6956e-19
3.0762e+02	1.7572e-19
3.0773e+02	1.6424e-19
3.0784e+02	1.6488e-19
3.0795e+02	1.6360e-19
3.0806e+02	1.6488e-19
3.0817e+02	1.6548e-19
3.0828e+02	1.6148e-19
3.0839e+02	1.6312e-19
3.0850e+02	1.6400e-19
3.0861e+02	1.7280e-19
3.0872e+02	1.7704e-19
3.0883e+02	1.7992e-19
3.0894e+02	1.8256e-19
3.0905e+02	1.8480e-19
3.0916e+02	1.8488e-19
3.0927e+02	1.8328e-19
3.0938e+02	1.8988e-19
3.0949e+02	1.8724e-19
3.0960e+02	1.8940e-19
3.0971e+02	1.8864e-19
3.0982e+02	1.8240e-19
3.0993e+02	1.7712e-19
3.1004e+02	1.7664e-19
3.1015e+02	1.7900e-19
3.1026e+02	1.8292e-19
3.1037e+02	1.8204e-19
3.1048e+02	1.8452e-19
3.1059e+02	1.9076e-19
3.1070e+02	1.9300e-19
3.1081e+02	1.8772e-19
3.1092e+02	1.8416e-19
3.1103e+02	1.8896e-19
3.1114e+02	1.9200e-19
3.1125e+02	1.9200e-19
3.1136e+02	1.9464e-19
3.1147e+02	2.0108e-19
3.1158e+02	1.9596e-19
3.1169e+02	1.9564e-19
3.1180e+02	1.9860e-19
3.1191e+02	1.9744e-19
3.1202e+02	1.9680e-19
3.1213e+02	2.0132e-19
3.1224e+02	2.0836e-19
3.1235e+02	2.1780e-19
3.1246e+02	2.1728e-19
3.1257e+02	2.0760e-19
3.1267e+02	2.0316e-19
3.1278e+02	2.0580e-19
3.1289e+02	2.0212e-19
3.1300e+02	2.0300e-19
3.1311e+02	2.0300e-19
3.1322e+02	1.9768e-19
3.1333e+02	1.9344e-19
3.1344e+02	1.9044e-19
3.1355e+02	1.9340e-19
3.1366e+02	1.9748e-19
3.1377e+02	1.9276e-19
3.1388e+02	2.0168e-19
3.1399e+02	1.9464e-19
3.1410e+02	1.9640e-19
3.1421e+02	2.0244e-19
3.1432e+02	2.0276e-19
3.1443e+02	2.0892e-19
3.1454e+02	2.1932e-19
3.1465e+02	2.2000e-19
3.1476e+02	2.2008e-19
3.1486e+02	2.2088e-19
3.1497e+02	2.2404e-19
3.1508e+02	2.2436e-19
3.1519e+02	2.2400e-19
3.1530e+02	2.2200e-19
3.1541e+02	2.1788e-19
3.1552e+02	2.1532e-19
3.1563e+02	2.1664e-19
3.1574e+02	2.0872e-19
3.1585e+02	2.1440e-19
3.1596e+02	2.1396e-19
3.1607e+02	2.1692e-19
3.1618e+02	2.1868e-19
3.1629e+02	2.1316e-19
3.1640e+02	2.0720e-19
3.1651e+02	2.1592e-19
3.1661e+02	2.1512e-19
3.1672e+02	2.1956e-19
3.1683e+02	2.2292e-19
3.1694e+02	2.2868e-19
3.1705e+02	2.2780e-19
3.1716e+02	2.2000e-19
3.1727e+02	2.2240e-19
3.1738e+02	2.3548e-19
3.1749e+02	2.4604e-19
3.1760e+02	2.4460e-19
3.1771e+02	2.4196e-19
3.1782e+02	2.4436e-19
3.1793e+02	2.4744e-19
3.1803e+02	2.4680e-19
3.1814e+02	2.4264e-19
3.1825e+02	2.4000e-19
3.1836e+02	2.3824e-19
3.1847e+02	2.3192e-19
3.1858e+02	2.3000e-19
3.1869e+02	2.2948e-19
3.1880e+02	2.2740e-19
3.1891e+02	2.2668e-19
3.1902e+02	2.3228e-19
3.1913e+02	2.3892e-19
3.1924e+02	2.3716e-19
3.1934e+02	2.3772e-19
3.1945e+02	2.4160e-19
3.1956e+02	2.4640e-19
3.1967e+02	2.5008e-19
3.1978e+02	2.5008e-19
3.1989e+02	2.4520e-19
3.2000e+02	2.5400e-19
3.2011e+02	2.6192e-19
3.2022e+02	2.6300e-19
3.2033e+02	2.6492e-19
3.2043e+02	2.7040e-19
3.2054e+02	2.6800e-19
3.2065e+02	2.5180e-19
3.2076e+02	2.5444e-19
3.2087e+02	2.4828e-19
3.2098e+02	2.6228e-19
3.2109e+02	2.5924e-19
3.2120e+02	2.5400e-19
3.2131e+02	2.4864e-19
3.2142e+02	2.4644e-19
3.2152e+02	2.5236e-19
3.2163e+02	2.6988e-19
3.2174e+02	2.6724e-19
3.2185e+02	2.5820e-19
3.2196e+02	2.6212e-19
3.2207e+02	2.6220e-19
3.2218e+02	2.5516e-19
3.2229e+02	2.5828e-19
3.2240e+02	2.8020e-19
3.2250e+02	2.8900e-19
3.2261e+02	2.7052e-19
3.2272e+02	2.7712e-19
3.2283e+02	2.7168e-19
3.2294e+02	2.7220e-19
3.2305e+02	2.7180e-19
3.2316e+02	2.6344e-19
3.2327e+02	2.6120e-19
3.2337e+02	2.5720e-19
3.2348e+02	2.6708e-19
3.2359e+02	2.5964e-19
3.2370e+02	2.5840e-19
3.2381e+02	2.5664e-19
3.2392e+02	2.5804e-19
3.2403e+02	2.6676e-19
3.2414e+02	2.6684e-19
3.2424e+02	2.7244e-19
3.2435e+02	2.8020e-19
3.2446e+02	2.6976e-19
3.2457e+02	2.6568e-19
3.2468e+02	2.7140e-19
3.2479e+02	2.7732e-19
3.2490e+02	2.7820e-19
3.2501e+02	2.8060e-19
3.2511e+02	2.9660e-19
3.2522e+02	3.0508e-19
3.2533e+02	3.1340e-19
3.2544e+02	2.9672e-19
3.2555e+02	2.8640e-19
3.2566e+02	2.9396e-19
3.2577e+02	2.8100e-19
3.2587e+02	2.8100e-19
3.2598e+02	2.8688e-19
3.2609e+02	2.8944e-19
3.2620e+02	2.8940e-19
3.2631e+02	2.9140e-19
3.2642e+02	2.9112e-19
3.2653e+02	2.8720e-19
3.2663e+02	2.9188e-19
3.2674e+02	3.1124e-19
3.2685e+02	2.9940e-19
3.2696e+02	2.9260e-19
3.2707e+02	2.9324e-19
3.2718e+02	2.9192e-19
3.2728e+02	2.8752e-19
3.2739e+02	2.8744e-19
3.2750e+02	2.9800e-19
3.2761e+02	2.9624e-19
3.2772e+02	3.0208e-19
3.2783e+02	3.0784e-19
3.2794e+02	3.0896e-19
3.2804e+02	3.0224e-19
3.2815e+02	2.9060e-19
3.2826e+02	2.9292e-19
3.2837e+02	2.9204e-19
3.2848e+02	2.8780e-19
3.2859e+02	2.8628e-19
3.2869e+02	2.9016e-19
3.2880e+02	2.8920e-19
3.2891e+02	2.8704e-19
3.2902e+02	2.9872e-19
3.2913e+02	2.9188e-19
3.2924e+02	2.8924e-19
3.2934e+02	2.9764e-19
3.2945e+02	3.0460e-19
3.2956e+02	3.1132e-19
3.2967e+02	3.1780e-19
3.2978e+02	3.1932e-19
3.2989e+02	3.1220e-19
3.2999e+02	3.0020e-19
3.3010e+02	3.0860e-19
3.3021e+02	3.1304e-19
3.3032e+02	2.9776e-19
3.3043e+02	2.8940e-19
3.3054e+02	2.9596e-19
3.3064e+02	2.9920e-19
3.3075e+02	3.0800e-19
3.3086e+02	2.9304e-19
3.3097e+02	3.0164e-19
3.3108e+02	3.0692e-19
3.3118e+02	3.0932e-19
3.3129e+02	3.1260e-19
3.3140e+02	3.1480e-19
3.3151e+02	3.1080e-19
3.3162e+02	3.1960e-19
3.3173e+02	3.1496e-19
3.3183e+02	3.1272e-19
3.3194e+02	3.0628e-19
3.3205e+02	3.0620e-19
3.3216e+02	3.1456e-19
3.3227e+02	3.1888e-19
3.3237e+02	3.3328e-19
3.3248e+02	3.4660e-19
3.3259e+02	3.6412e-19
3.3270e+02	3.7240e-19
3.3281e+02	3.7640e-19
3.3291e+02	3.7732e-19
3.3302e+02	3.7140e-19
3.3313e+02	3.6292e-19
3.3324e+02	3.6116e-19
3.3335e+02	3.4660e-19
3.3345e+02	3.4300e-19
3.3356e+02	3.3580e-19
3.3367e+02	3.2620e-19
3.3378e+02	3.2108e-19
3.3389e+02	3.1296e-19
3.3399e+02	2.9936e-19
3.3410e+02	3.0200e-19
3.3421e+02	3.0844e-19
3.3432e+02	3.1044e-19
3.3443e+02	3.2584e-19
3.3453e+02	3.3928e-19
3.3464e+02	3.2004e-19
3.3475e+02	3.3500e-19
3.3486e+02	3.3852e-19
3.3497e+02	3.4356e-19
3.3507e+02	3.4164e-19
3.3518e+02	3.4824e-19
3.3529e+02	3.5392e-19
3.3540e+02	3.3840e-19
3.3550e+02	3.2800e-19
3.3561e+02	3.3416e-19
3.3572e+02	3.3044e-19
3.3583e+02	3.3028e-19
3.3594e+02	3.4140e-19
3.3604e+02	3.4684e-19
3.3615e+02	3.4040e-19
3.3626e+02	3.4896e-19
3.3637e+02	3.3752e-19
3.3648e+02	3.4540e-19
3.3658e+02	3.5212e-19
3.3669e+02	3.5604e-19
3.3680e+02	3.5740e-19
3.3691e+02	3.5464e-19
3.3701e+02	3.4624e-19
3.3712e+02	3.4888e-19
3.3723e+02	3.4480e-19
3.3734e+02	3.4112e-19
3.3744e+02	3.3948e-19
3.3755e+02	3.3620e-19
3.3766e+02	3.3256e-19
3.3777e+02	3.3304e-19
3.3788e+02	3.2880e-19
3.3798e+02	3.4480e-19
3.3809e+02	3.4584e-19
3.3820e+02	3.5400e-19
3.3831e+02	3.6384e-19
3.3841e+02	3.7276e-19
3.3852e+02	3.8580e-19
3.3863e+02	3.9032e-19
3.3874e+02	3.9736e-19
3.3884e+02	4.0088e-19
3.3895e+02	4.0020e-19
3.3906e+02	4.0140e-19
3.3917e+02	3.9968e-19
3.3927e+02	3.9008e-19
3.3938e+02	3.7980e-19
3.3949e+02	3.7540e-19
3.3960e+02	3.7580e-19
3.3970e+02	3.8200e-19
3.3981e+02	3.7928e-19
3.3992e+02	3.7776e-19
3.4003e+02	3.8680e-19
3.4013e+02	3.8260e-19
3.4024e+02	3.7380e-19
3.4035e+02	3.8260e-19
3.4046e+02	3.8976e-19
3.4056e+02	3.9200e-19
3.4067e+02	3.8840e-19
3.4078e+02	3.8440e-19
3.4089e+02	3.9500e-19
3.4099e+02	4.1500e-19
3.4110e+02	4.2260e-19
3.4121e+02	4.2808e-19
3.4132e+02	4.2832e-19
3.4142e+02	4.2556e-19
3.4153e+02	4.1988e-19
3.4164e+02	4.1156e-19
3.4175e+02	4.2300e-19
3.4185e+02	4.0060e-19
3.4196e+02	3.8684e-19
3.4207e+02	3.8076e-19
3.4218e+02	3.7328e-19
3.4228e+02	3.6912e-19
3.4239e+02	3.7792e-19
3.4250e+02	3.7000e-19
3.4260e+02	3.5560e-19
3.4271e+02	3.5064e-19
3.4282e+02	3.5224e-19
3.4293e+02	3.5444e-19
3.4303e+02	3.5812e-19
3.4314e+02	3.6680e-19
3.4325e+02	3.5800e-19
3.4336e+02	3.7032e-19
3.4346e+02	3.7676e-19
3.4357e+02	3.8628e-19
3.4368e+02	3.9684e-19
3.4378e+02	4.0180e-19
3.4389e+02	3.9896e-19
3.4400e+02	4.0600e-19
3.4411e+02	3.8664e-19
3.4421e+02	3.8876e-19
3.4432e+02	3.8876e-19
3.4443e+02	3.9096e-19
3.4453e+02	3.9768e-19
3.4464e+02	4.0348e-19
3.4475e+02	4.0700e-19
3.4486e+02	4.0964e-19
3.4496e+02	4.0796e-19
3.4507e+02	4.1260e-19
3.4518e+02	4.1216e-19
3.4528e+02	4.0456e-19
3.4539e+02	4.0084e-19
3.4550e+02	4.0700e-19
3.4561e+02	4.0436e-19
3.4571e+02	4.1012e-19
3.4582e+02	4.1692e-19
3.4593e+02	4.2396e-19
3.4603e+02	4.3020e-19
3.4614e+02	4.3424e-19
3.4625e+02	4.3600e-19
3.4635e+02	4.3280e-19
3.4646e+02	4.4356e-19
3.4657e+02	4.5516e-19
3.4668e+02	4.5384e-19
3.4678e+02	4.4456e-19
3.4689e+02	4.3856e-19
3.4700e+02	4.2800e-19
3.4710e+02	4.3280e-19
3.4721e+02	4.2924e-19
3.4732e+02	4.2812e-19
3.4742e+02	4.2576e-19
3.4753e+02	4.2024e-19
3.4764e+02	4.2220e-19
3.4774e+02	4.3020e-19
3.4785e+02	4.3820e-19
3.4796e+02	4.6856e-19
3.4807e+02	4.9264e-19
3.4817e+02	5.0604e-19
3.4828e+02	5.1932e-19
3.4839e+02	5.3180e-19
3.4849e+02	5.2380e-19
3.4860e+02	5.1180e-19
3.4871e+02	4.9540e-19
3.4881e+02	4.7844e-19
3.4892e+02	4.6484e-19
3.4903e+02	4.5596e-19
3.4913e+02	4.3908e-19
3.4924e+02	4.1884e-19
3.4935e+02	4.0420e-19
3.4945e+02	4.0040e-19
3.4956e+02	4.0240e-19
3.4967e+02	4.0212e-19
3.4977e+02	3.9668e-19
3.4988e+02	3.9560e-19
3.4999e+02	4.0880e-19
3.5009e+02	4.1288e-19
3.5020e+02	4.2120e-19
3.5031e+02	4.2312e-19
3.5041e+02	4.2868e-19
3.5052e+02	4.4860e-19
3.5063e+02	4.3664e-19
3.5073e+02	4.4944e-19
3.5084e+02	4.4912e-19
3.5095e+02	4.5040e-19
3.5105e+02	4.5680e-19
3.5116e+02	4.6372e-19
3.5127e+02	4.6060e-19
3.5137e+02	4.4860e-19
3.5148e+02	4.3540e-19
3.5159e+02	4.3732e-19
3.5169e+02	4.3224e-19
3.5180e+02	4.2720e-19
3.5191e+02	4.3320e-19
3.5201e+02	4.4480e-19
3.5212e+02	4.5360e-19
3.5223e+02	4.5232e-19
3.5233e+02	4.4624e-19
3.5244e+02	4.4040e-19
3.5255e+02	4.3640e-19
3.5265e+02	4.3140e-19
3.5276e+02	4.1972e-19
3.5287e+02	4.0564e-19
3.5297e+02	4.0044e-19
3.5308e+02	4.0092e-19
3.5319e+02	4.0200e-19
3.5329e+02	4.0744e-19
3.5340e+02	4.2280e-19
3.5350e+02	4.3800e-19
3.5361e+02	4.5208e-19
3.5372e+02	4.6236e-19
3.5382e+02	4.7620e-19
3.5393e+02	4.9336e-19
3.5404e+02	5.1328e-19
3.5414e+02	5.3600e-19
3.5425e+02	5.5800e-19
3.5436e+02	5.6680e-19
3.5446e+02	5.4896e-19
3.5457e+02	5.4056e-19
3.5468e+02	5.4012e-19
3.5478e+02	5.3588e-19
3.5489e+02	5.2444e-19
3.5499e+02	5.1404e-19
3.5510e+02	5.0260e-19
3.5521e+02	4.9184e-19
3.5531e+02	4.8128e-19
3.5542e+02	4.7184e-19
3.5553e+02	4.6656e-19
3.5563e+02	4.6188e-19
3.5574e+02	4.5924e-19
3.5584e+02	4.5612e-19
3.5595e+02	4.5860e-19
3.5606e+02	4.6148e-19
3.5616e+02	4.6340e-19
3.5627e+02	4.6956e-19
3.5638e+02	4.8280e-19
3.5648e+02	4.7880e-19
3.5659e+02	5.0032e-19
3.5669e+02	5.1264e-19
3.5680e+02	5.2760e-19
3.5691e+02	5.4864e-19
3.5701e+02	5.5856e-19
3.5712e+02	5.6472e-19
3.5723e+02	5.6248e-19
3.5733e+02	5.5688e-19
3.5744e+02	5.5556e-19
3.5754e+02	5.4836e-19
3.5765e+02	5.2780e-19
3.5776e+02	5.1860e-19
3.5786e+02	5.1460e-19
3.5797e+02	5.0640e-19
3.5807e+02	5.1016e-19
3.5818e+02	5.0576e-19
3.5829e+02	4.9496e-19
3.5839e+02	4.9556e-19
3.5850e+02	4.8500e-19
3.5860e+02	4.7860e-19
3.5871e+02	4.7632e-19
3.5882e+02	4.6424e-19
3.5892e+02	4.5500e-19
3.5903e+02	4.5332e-19
3.5913e+02	4.4832e-19
3.5924e+02	4.5536e-19
3.5935e+02	4.5280e-19
3.5945e+02	4.5920e-19
3.5956e+02	4.6256e-19
3.5966e+02	4.6212e-19
3.5977e+02	4.6228e-19
3.5988e+02	4.4812e-19
3.5998e+02	4.5052e-19
3.6009e+02	4.6324e-19
3.6019e+02	4.7008e-19
3.6030e+02	4.7880e-19
3.6041e+02	4.9320e-19
3.6051e+02	5.0464e-19
3.6062e+02	5.1168e-19
3.6072e+02	5.2036e-19
3.6083e+02	5.2812e-19
3.6094e+02	5.3516e-19
3.6104e+02	5.3772e-19
3.6115e+02	5.3020e-19
3.6125e+02	5.1100e-19
3.6136e+02	5.1276e-19
3.6146e+02	5.1232e-19
3.6157e+02	5.1144e-19
3.6168e+02	5.0660e-19
3.6178e+02	4.9956e-19
3.6189e+02	4.9608e-19
3.6199e+02	5.0328e-19
3.6210e+02	5.0240e-19
3.6221e+02	5.0676e-19
3.6231e+02	5.1236e-19
3.6242e+02	5.1312e-19
3.6252e+02	5.0848e-19
3.6263e+02	5.1056e-19
3.6273e+02	5.0176e-19
3.6284e+02	5.1080e-19
3.6295e+02	5.1320e-19
3.6305e+02	5.0680e-19
3.6316e+02	4.9984e-19
3.6326e+02	5.0224e-19
3.6337e+02	5.0488e-19
3.6347e+02	4.9512e-19
3.6358e+02	4.9264e-19
3.6369e+02	4.8364e-19
3.6379e+02	4.7596e-19
3.6390e+02	4.7980e-19
3.6400e+02	4.8700e-19
3.6411e+02	5.0284e-19
3.6421e+02	5.1792e-19
3.6432e+02	5.3072e-19
3.6442e+02	5.3780e-19
3.6453e+02	5.4292e-19
3.6464e+02	5.4996e-19
3.6474e+02	5.5636e-19
3.6485e+02	5.6260e-19
3.6495e+02	5.7240e-19
3.6506e+02	5.8184e-19
3.6516e+02	5.9020e-19
3.6527e+02	5.9988e-19
3.6537e+02	5.9428e-19
3.6548e+02	5.9568e-19
3.6559e+02	5.8664e-19
3.6569e+02	5.8040e-19
3.6580e+02	5.6760e-19
3.6590e+02	5.4960e-19
3.6601e+02	5.3816e-19
3.6611e+02	5.1976e-19
3.6622e+02	5.0788e-19
3.6632e+02	5.0052e-19
3.6643e+02	4.9392e-19
3.6653e+02	4.8952e-19
3.6664e+02	4.8764e-19
3.6675e+02	4.8500e-19
3.6685e+02	5.0820e-19
3.6696e+02	5.1740e-19
3.6706e+02	5.3052e-19
3.6717e+02	5.4840e-19
3.6727e+02	5.5736e-19
3.6738e+02	5.5368e-19
3.6748e+02	5.4728e-19
3.6759e+02	5.4024e-19
3.6769e+02	5.4528e-19
3.6780e+02	5.4920e-19
3.6790e+02	5.4280e-19
3.6801e+02	5.3432e-19
3.6811e+02	5.3752e-19
3.6822e+02	5.3648e-19
3.6833e+02	5.3024e-19
3.6843e+02	5.2700e-19
3.6854e+02	5.2348e-19
3.6864e+02	5.1576e-19
3.6875e+02	5.1400e-19
3.6885e+02	5.2280e-19
3.6896e+02	5.2024e-19
3.6906e+02	5.2424e-19
3.6917e+02	5.3280e-19
3.6927e+02	5.3584e-19
3.6938e+02	5.3452e-19
3.6948e+02	5.2492e-19
3.6959e+02	5.1868e-19
3.6969e+02	5.2012e-19
3.6980e+02	5.2660e-19
3.6990e+02	5.3400e-19
3.7001e+02	5.4136e-19
3.7011e+02	5.3496e-19
3.7022e+02	5.2944e-19
3.7032e+02	5.2520e-19
3.7043e+02	5.2080e-19
3.7053e+02	5.1584e-19
3.7064e+02	5.0672e-19
3.7074e+02	4.9152e-19
3.7085e+02	4.9480e-19
3.7095e+02	5.1100e-19
3.7106e+02	5.2148e-19
3.7117e+02	5.2164e-19
3.7127e+02	5.2484e-19
3.7138e+02	5.4528e-19
3.7148e+02	5.5088e-19
3.7159e+02	5.6712e-19
3.7169e+02	5.8080e-19
3.7180e+02	5.9040e-19
3.7190e+02	5.9480e-19
3.7201e+02	5.9864e-19
3.7211e+02	6.0504e-19
3.7222e+02	5.9916e-19
3.7232e+02	6.0148e-19
3.7243e+02	6.0148e-19
3.7253e+02	5.9484e-19
3.7263e+02	5.8728e-19
3.7274e+02	5.7144e-19
3.7284e+02	5.6064e-19
3.7295e+02	5.5280e-19
3.7305e+02	5.4840e-19
3.7316e+02	5.4264e-19
3.7326e+02	5.3408e-19
3.7337e+02	5.3496e-19
3.7347e+02	5.2588e-19
3.7358e+02	5.3452e-19
3.7368e+02	5.4144e-19
3.7379e+02	5.4328e-19
3.7389e+02	5.4480e-19
3.7400e+02	5.3600e-19
3.7410e+02	5.3760e-19
3.7421e+02	5.2440e-19
3.7431e+02	5.0168e-19
3.7442e+02	4.9300e-19
3.7452e+02	5.0884e-19
3.7463e+02	5.0824e-19
3.7473e+02	5.1304e-19
3.7484e+02	5.2192e-19
3.7494e+02	5.3020e-19
3.7505e+02	5.4300e-19
3.7515e+02	5.5800e-19
3.7526e+02	5.7136e-19
3.7536e+02	5.8496e-19
3.7547e+02	5.8928e-19
3.7557e+02	5.9000e-19
3.7567e+02	5.9180e-19
3.7578e+02	5.9500e-19
3.7588e+02	5.9612e-19
3.7599e+02	6.2076e-19
3.7609e+02	6.4244e-19
3.7620e+02	6.5240e-19
3.7630e+02	6.5040e-19
3.7641e+02	6.4080e-19
3.7651e+02	6.2912e-19
3.7662e+02	6.1944e-19
3.7672e+02	6.0988e-19
3.7683e+02	5.8204e-19
3.7693e+02	5.6756e-19
3.7704e+02	5.6028e-19
3.7714e+02	5.4396e-19
3.7724e+02	5.3036e-19
3.7735e+02	5.2180e-19
3.7745e+02	5.2240e-19
3.7756e+02	5.2352e-19
3.7766e+02	5.2328e-19
3.7777e+02	5.2464e-19
3.7787e+02	5.2784e-19
3.7798e+02	5.1876e-19
3.7808e+02	5.1060e-19
3.7819e+02	5.0960e-19
3.7829e+02	5.1328e-19
3.7839e+02	5.1672e-19
3.7850e+02	5.2200e-19
3.7860e+02	5.2760e-19
3.7871e+02	5.2424e-19
3.7881e+02	5.2872e-19
3.7892e+02	5.3996e-19
3.7902e+02	5.4860e-19
3.7913e+02	5.5752e-19
3.7923e+02	5.6792e-19
3.7933e+02	5.8216e-19
3.7944e+02	6.0252e-19
3.7954e+02	6.2044e-19
3.7965e+02	6.3140e-19
3.7975e+02	6.2900e-19
3.7986e+02	6.2636e-19
3.7996e+02	6.0764e-19
3.8006e+02	6.0188e-19
3.8017e+02	6.0140e-19
3.8027e+02	5.9484e-19
3.8038e+02	5.9364e-19
3.8048e+02	5.8644e-19
3.8059e+02	5.9148e-19
3.8069e+02	5.8256e-19
3.8079e+02	5.6912e-19
3.8090e+02	5.6360e-19
3.8100e+02	5.6600e-19
3.8111e+02	5.7304e-19
3.8121e+02	5.7196e-19
3.8132e+02	5.6428e-19
3.8142e+02	5.5648e-19
3.8152e+02	5.5248e-19
3.8163e+02	5.5524e-19
3.8173e+02	5.6004e-19
3.8184e+02	5.6172e-19
3.8194e+02	5.6304e-19
3.8205e+02	5.6920e-19
3.8215e+02	5.7120e-19
3.8225e+02	5.4800e-19
3.8236e+02	5.1808e-19
3.8246e+02	5.2284e-19
3.8257e+02	5.2812e-19
3.8267e+02	5.3008e-19
3.8277e+02	5.3440e-19
3.8288e+02	5.4660e-19
3.8298e+02	5.3860e-19
3.8309e+02	5.3556e-19
3.8319e+02	5.4384e-19
3.8330e+02	5.4880e-19
3.8340e+02	5.4360e-19
3.8350e+02	5.4200e-19
3.8361e+02	5.6488e-19
3.8371e+02	5.7956e-19
3.8382e+02	5.7492e-19
3.8392e+02	5.7780e-19
3.8402e+02	5.9172e-19
3.8413e+02	5.6492e-19
3.8423e+02	5.8332e-19
3.8434e+02	5.8988e-19
3.8444e+02	5.9256e-19
3.8454e+02	5.9784e-19
3.8465e+02	6.1260e-19
3.8475e+02	6.3900e-19
3.8486e+02	6.1964e-19
3.8496e+02	6.0136e-19
3.8506e+02	5.8152e-19
3.8517e+02	5.7340e-19
3.8527e+02	5.8476e-19
3.8538e+02	5.9344e-19
3.8548e+02	5.8224e-19
3.8558e+02	6.1072e-19
3.8569e+02	6.1864e-19
3.8579e+02	5.9752e-19
3.8590e+02	5.6700e-19
3.8600e+02	5.5100e-19
3.8610e+02	5.5580e-19
3.8621e+02	5.5836e-19
3.8631e+02	5.4844e-19
3.8641e+02	5.3560e-19
3.8652e+02	5.3408e-19
3.8662e+02	5.4448e-19
3.8673e+02	5.5928e-19
3.8683e+02	5.6328e-19
3.8693e+02	5.6224e-19
3.8704e+02	5.7088e-19
3.8714e+02	5.9232e-19
3.8724e+02	5.8112e-19
3.8735e+02	5.9840e-19
3.8745e+02	5.9580e-19
3.8756e+02	5.9436e-19
3.8766e+02	5.9632e-19
3.8776e+02	5.9296e-19
3.8787e+02	6.0352e-19
3.8797e+02	5.9944e-19
3.8807e+02	5.8568e-19
3.8818e+02	5.7776e-19
3.8828e+02	5.7736e-19
3.8839e+02	5.6900e-19
3.8849e+02	5.6900e-19
3.8859e+02	5.6756e-19
3.8870e+02	5.7360e-19
3.8880e+02	5.8640e-19
3.8890e+02	5.9960e-19
3.8901e+02	6.0400e-19
3.8911e+02	6.2400e-19
3.8922e+02	6.0952e-19
3.8932e+02	6.0568e-19
3.8942e+02	6.0556e-19
3.8953e+02	5.9988e-19
3.8963e+02	5.8936e-19
3.8973e+02	5.7656e-19
3.8984e+02	5.9416e-19
3.8994e+02	6.0096e-19
3.9004e+02	6.0192e-19
3.9015e+02	6.0880e-19
3.9025e+02	6.2000e-19
3.9035e+02	6.0800e-19
3.9046e+02	6.0024e-19
3.9056e+02	5.9272e-19
3.9066e+02	5.8868e-19
3.9077e+02	5.8996e-19
3.9087e+02	5.7476e-19
3.9098e+02	5.8156e-19
3.9108e+02	5.8940e-19
3.9118e+02	5.9696e-19
3.9129e+02	5.9592e-19
3.9139e+02	5.8768e-19
3.9149e+02	6.1888e-19
3.9160e+02	6.5080e-19
3.9170e+02	6.7600e-19
3.9180e+02	6.6840e-19
3.9191e+02	6.2948e-19
3.9201e+02	6.0460e-19
3.9211e+02	6.0060e-19
3.9222e+02	6.1064e-19
3.9232e+02	6.0560e-19
3.9242e+02	6.0656e-19
3.9253e+02	6.1592e-19
3.9263e+02	6.0288e-19
3.9273e+02	6.0048e-19
3.9284e+02	5.8704e-19
3.9294e+02	5.6276e-19
3.9304e+02	5.4276e-19
3.9315e+02	5.3440e-19
3.9325e+02	5.2000e-19
3.9335e+02	5.3760e-19
3.9346e+02	5.4676e-19
3.9356e+02	5.5380e-19
3.9366e+02	5.5396e-19
3.9377e+02	5.4244e-19
3.9387e+02	5.4964e-19
3.9397e+02	5.5304e-19
3.9408e+02	5.4568e-19
3.9418e+02	5.3660e-19
3.9428e+02	5.3124e-19
3.9439e+02	5.3092e-19
3.9449e+02	5.2372e-19
3.9459e+02	5.1868e-19
3.9469e+02	5.3832e-19
3.9480e+02	5.6720e-19
3.9490e+02	5.8260e-19
3.9500e+02	5.8900e-19
3.9511e+02	5.8900e-19
3.9521e+02	5.9988e-19
3.9531e+02	6.2660e-19
3.9542e+02	6.3956e-19
3.9552e+02	6.2404e-19
3.9562e+02	6.3924e-19
3.9573e+02	6.4168e-19
3.9583e+02	6.3752e-19
3.9593e+02	6.2620e-19
3.9604e+02	6.0764e-19
3.9614e+02	5.9260e-19
3.9624e+02	5.9660e-19
3.9634e+02	5.7180e-19
3.9645e+02	5.6020e-19
3.9655e+02	5.5740e-19
3.9665e+02	5.5220e-19
3.9676e+02	5.4100e-19
3.9686e+02	5.4100e-19
3.9696e+02	5.5868e-19
3.9707e+02	5.4740e-19
3.9717e+02	5.3380e-19
3.9727e+02	5.3476e-19
3.9737e+02	5.2356e-19
3.9748e+02	5.4904e-19
3.9758e+02	5.7960e-19
3.9768e+02	6.0544e-19
3.9779e+02	6.2768e-19
3.9789e+02	6.4364e-19
3.9799e+02	6.4124e-19
3.9810e+02	6.6260e-19
3.9820e+02	6.7760e-19
3.9830e+02	6.8720e-19
3.9840e+02	6.8660e-19
3.9851e+02	6.6316e-19
3.9861e+02	6.4476e-19
3.9871e+02	6.0868e-19
3.9882e+02	5.7732e-19
3.9892e+02	5.6464e-19
3.9902e+02	5.6208e-19
3.9912e+02	5.5248e-19
3.9923e+02	5.4696e-19
3.9933e+02	5.6328e-19
3.9943e+02	5.8356e-19
3.9953e+02	5.9580e-19
3.9964e+02	5.9824e-19
3.9974e+02	6.3984e-19
3.9984e+02	6.6488e-19
3.9995e+02	6.7480e-19
