Wavelength (nm)	Cross section (cm2)
2.1009e+02	1.7691e-17
2.1021e+02	1.7458e-17
2.1032e+02	1.7268e-17
2.1044e+02	1.7019e-17
2.1056e+02	1.6795e-17
2.1068e+02	1.6620e-17
2.1079e+02	1.6468e-17
2.1091e+02	1.6331e-17
2.1103e+02	1.6109e-17
2.1114e+02	1.5997e-17
2.1126e+02	1.5795e-17
2.1138e+02	1.5529e-17
2.1149e+02	1.5351e-17
2.1161e+02	1.5104e-17
2.1173e+02	1.5129e-17
2.1185e+02	1.4949e-17
2.1196e+02	1.4702e-17
2.1208e+02	1.4516e-17
2.1220e+02	1.4321e-17
2.1231e+02	1.4153e-17
2.1243e+02	1.4030e-17
2.1255e+02	1.3925e-17
2.1266e+02	1.3781e-17
2.1278e+02	1.3589e-17
2.1290e+02	1.3498e-17
2.1302e+02	1.3310e-17
2.1313e+02	1.3176e-17
2.1325e+02	1.2927e-17
2.1337e+02	1.2746e-17
2.1348e+02	1.2692e-17
2.1360e+02	1.2470e-17
2.1372e+02	1.2241e-17
2.1383e+02	1.2126e-17
2.1395e+02	1.1946e-17
2.1407e+02	1.1889e-17
2.1418e+02	1.1859e-17
2.1430e+02	1.1617e-17
2.1442e+02	1.1328e-17
2.1453e+02	1.1272e-17
2.1465e+02	1.1248e-17
2.1477e+02	1.0848e-17
2.1488e+02	1.0957e-17
2.1500e+02	1.0979e-17
2.1512e+02	1.0693e-17
2.1524e+02	1.0623e-17
2.1535e+02	1.0723e-17
2.1547e+02	1.0883e-17
2.1559e+02	1.0683e-17
2.1570e+02	1.0653e-17
2.1582e+02	1.0566e-17
2.1594e+02	1.0408e-17
2.1605e+02	1.0302e-17
2.1617e+02	1.0261e-17
2.1629e+02	1.0248e-17
2.1640e+02	1.0038e-17
2.1652e+02	9.8571e-18
2.1664e+02	9.5112e-18
2.1675e+02	9.4752e-18
2.1687e+02	9.7235e-18
2.1699e+02	9.3206e-18
2.1710e+02	9.1461e-18
2.1722e+02	9.0286e-18
2.1734e+02	8.8909e-18
2.1745e+02	8.7617e-18
2.1757e+02	8.7484e-18
2.1769e+02	8.7406e-18
2.1780e+02	8.6854e-18
2.1792e+02	8.4844e-18
2.1803e+02	8.2217e-18
2.1815e+02	8.3608e-18
2.1827e+02	8.2521e-18
2.1838e+02	8.1877e-18
2.1850e+02	7.8206e-18
2.1862e+02	7.6491e-18
2.1873e+02	7.6391e-18
2.1885e+02	7.8258e-18
2.1897e+02	7.5976e-18
2.1908e+02	7.4909e-18
2.1920e+02	7.4517e-18
2.1932e+02	7.2294e-18
2.1943e+02	7.1003e-18
2.1955e+02	7.1012e-18
2.1967e+02	6.9748e-18
2.1978e+02	6.8590e-18
2.1990e+02	6.8410e-18
2.2002e+02	6.7016e-18
2.2013e+02	6.7921e-18
2.2025e+02	6.6168e-18
2.2036e+02	6.6311e-18
2.2048e+02	6.4031e-18
2.2060e+02	6.2051e-18
2.2071e+02	6.3951e-18
2.2083e+02	6.4261e-18
2.2095e+02	6.2358e-18
2.2106e+02	6.2562e-18
2.2118e+02	6.1411e-18
2.2130e+02	5.9274e-18
2.2141e+02	6.0575e-18
2.2153e+02	5.9766e-18
2.2164e+02	5.8049e-18
2.2176e+02	5.5384e-18
2.2188e+02	5.1707e-18
2.2199e+02	5.5203e-18
2.2211e+02	5.5374e-18
2.2223e+02	5.3932e-18
2.2234e+02	5.1095e-18
2.2246e+02	5.2096e-18
2.2257e+02	5.2865e-18
2.2269e+02	5.0917e-18
2.2281e+02	5.0019e-18
2.2292e+02	5.0611e-18
2.2304e+02	4.9560e-18
2.2316e+02	4.7566e-18
2.2327e+02	4.6187e-18
2.2339e+02	4.8384e-18
2.2350e+02	4.8178e-18
2.2362e+02	4.5653e-18
2.2374e+02	4.6736e-18
2.2385e+02	4.6452e-18
2.2397e+02	4.5711e-18
2.2408e+02	4.4728e-18
2.2420e+02	4.5739e-18
2.2432e+02	4.5986e-18
2.2443e+02	4.4914e-18
2.2455e+02	4.3484e-18
2.2466e+02	4.2863e-18
2.2478e+02	4.3949e-18
2.2490e+02	4.2524e-18
2.2501e+02	4.1066e-18
2.2513e+02	4.0154e-18
2.2525e+02	3.9465e-18
2.2536e+02	3.9089e-18
2.2548e+02	3.7513e-18
2.2559e+02	3.8416e-18
2.2571e+02	3.7943e-18
2.2583e+02	3.8265e-18
2.2594e+02	3.8861e-18
2.2606e+02	3.6800e-18
2.2617e+02	3.5127e-18
2.2629e+02	3.6164e-18
2.2641e+02	3.5217e-18
2.2652e+02	3.4415e-18
2.2664e+02	3.5238e-18
2.2675e+02	3.2220e-18
2.2687e+02	3.3746e-18
2.2698e+02	3.3499e-18
2.2710e+02	3.3656e-18
2.2722e+02	3.1529e-18
2.2733e+02	3.1250e-18
2.2745e+02	3.1786e-18
2.2756e+02	3.0310e-18
2.2768e+02	3.0004e-18
2.2780e+02	3.1838e-18
2.2791e+02	3.0843e-18
2.2803e+02	2.9372e-18
2.2814e+02	3.1139e-18
2.2826e+02	2.7134e-18
2.2838e+02	2.7625e-18
2.2849e+02	2.9720e-18
2.2861e+02	2.8854e-18
2.2872e+02	2.7752e-18
2.2884e+02	2.8912e-18
2.2895e+02	2.8856e-18
2.2907e+02	2.7684e-18
2.2919e+02	2.7792e-18
2.2930e+02	2.8388e-18
2.2942e+02	2.7435e-18
2.2953e+02	2.5438e-18
2.2965e+02	2.4664e-18
2.2976e+02	2.7159e-18
2.2988e+02	2.7086e-18
2.3000e+02	2.5540e-18
2.3011e+02	2.3683e-18
2.3023e+02	2.5034e-18
2.3034e+02	2.5830e-18
2.3046e+02	2.5755e-18
2.3057e+02	2.4510e-18
2.3069e+02	2.2850e-18
2.3081e+02	2.2476e-18
2.3092e+02	2.2767e-18
2.3104e+02	2.2374e-18
2.3115e+02	2.1926e-18
2.3127e+02	2.2329e-18
2.3138e+02	2.2818e-18
2.3150e+02	2.2060e-18
2.3161e+02	2.2430e-18
2.3173e+02	2.1892e-18
2.3185e+02	2.1492e-18
2.3196e+02	2.1148e-18
2.3208e+02	2.0534e-18
2.3219e+02	2.0660e-18
2.3231e+02	2.1390e-18
2.3242e+02	2.2028e-18
2.3254e+02	2.1753e-18
2.3265e+02	2.0492e-18
2.3277e+02	2.1353e-18
2.3289e+02	2.0171e-18
2.3300e+02	1.8710e-18
2.3312e+02	2.0745e-18
2.3323e+02	1.8654e-18
2.3335e+02	1.9888e-18
2.3346e+02	1.9226e-18
2.3358e+02	1.9002e-18
2.3369e+02	1.9956e-18
2.3381e+02	1.9490e-18
2.3392e+02	1.8820e-18
2.3404e+02	2.0126e-18
2.3416e+02	1.9660e-18
2.3427e+02	1.7610e-18
2.3439e+02	1.8479e-18
2.3450e+02	1.8690e-18
2.3462e+02	1.8421e-18
2.3473e+02	1.8654e-18
2.3485e+02	1.7836e-18
2.3496e+02	1.7620e-18
2.3508e+02	1.7268e-18
2.3519e+02	1.7673e-18
2.3531e+02	1.8014e-18
2.3542e+02	1.7974e-18
2.3554e+02	1.8899e-18
2.3565e+02	1.9384e-18
2.3577e+02	1.6573e-18
2.3589e+02	1.7114e-18
2.3600e+02	1.4430e-18
2.3612e+02	1.7924e-18
2.3623e+02	1.8482e-18
2.3635e+02	1.6968e-18
2.3646e+02	1.7216e-18
2.3658e+02	1.7981e-18
2.3669e+02	1.8178e-18
2.3681e+02	1.7410e-18
2.3692e+02	1.7047e-18
2.3704e+02	1.6471e-18
2.3715e+02	1.4612e-18
2.3727e+02	1.7604e-18
2.3738e+02	1.4354e-18
2.3750e+02	1.3980e-18
2.3761e+02	1.1630e-18
2.3773e+02	1.4124e-18
2.3784e+02	1.3083e-18
2.3796e+02	1.6115e-18
2.3807e+02	1.8060e-18
2.3819e+02	1.5011e-18
2.3830e+02	1.3642e-18
2.3842e+02	1.5318e-18
2.3853e+02	1.4907e-18
2.3865e+02	1.7176e-18
2.3876e+02	1.4811e-18
2.3888e+02	1.5359e-18
2.3899e+02	1.4462e-18
2.3911e+02	1.4486e-18
2.3922e+02	1.4850e-18
2.3934e+02	1.4362e-18
2.3945e+02	1.3782e-18
2.3957e+02	1.5045e-18
2.3968e+02	1.6783e-18
2.3980e+02	1.5872e-18
2.3991e+02	1.3956e-18
2.4003e+02	1.4720e-18
2.4014e+02	1.2728e-18
2.4026e+02	1.2034e-18
2.4037e+02	1.4278e-18
2.4049e+02	1.3938e-18
2.4060e+02	1.4356e-18
2.4072e+02	1.5238e-18
2.4083e+02	1.4066e-18
2.4095e+02	1.2292e-18
2.4106e+02	1.1717e-18
2.4118e+02	1.3067e-18
2.4129e+02	1.3451e-18
2.4141e+02	1.1403e-18
2.4152e+02	1.3132e-18
2.4164e+02	1.4720e-18
2.4175e+02	1.5530e-18
2.4187e+02	1.3908e-18
2.4198e+02	1.1866e-18
2.4210e+02	1.3698e-18
2.4221e+02	1.2040e-18
2.4233e+02	1.2318e-18
2.4244e+02	1.3278e-18
2.4256e+02	1.4032e-18
2.4267e+02	1.4205e-18
2.4279e+02	1.3018e-18
2.4290e+02	1.2084e-18
2.4302e+02	1.1938e-18
2.4313e+02	1.1576e-18
2.4325e+02	1.3170e-18
2.4336e+02	1.2519e-18
2.4347e+02	1.4421e-18
2.4359e+02	1.2811e-18
2.4370e+02	1.3386e-18
2.4382e+02	1.4613e-18
2.4393e+02	1.4239e-18
2.4405e+02	1.3100e-18
2.4416e+02	1.2374e-18
2.4428e+02	1.2249e-18
2.4439e+02	1.2863e-18
2.4451e+02	1.2687e-18
2.4462e+02	1.2106e-18
2.4474e+02	1.3966e-18
2.4485e+02	1.2850e-18
2.4497e+02	1.1808e-18
2.4508e+02	1.2668e-18
2.4519e+02	1.1626e-18
2.4531e+02	9.9517e-19
2.4542e+02	1.0403e-18
2.4554e+02	1.1112e-18
2.4565e+02	1.0268e-18
2.4577e+02	1.0103e-18
2.4588e+02	1.0117e-18
2.4600e+02	1.0040e-18
2.4611e+02	9.5657e-19
2.4623e+02	1.0105e-18
2.4634e+02	9.7369e-19
2.4645e+02	9.6006e-19
2.4657e+02	9.2660e-19
2.4668e+02	9.3394e-19
2.4680e+02	1.0277e-18
2.4691e+02	1.0310e-18
2.4703e+02	8.9295e-19
2.4714e+02	1.0168e-18
2.4726e+02	1.0671e-18
2.4737e+02	9.9144e-19
2.4749e+02	1.0763e-18
2.4760e+02	1.1048e-18
2.4771e+02	1.0243e-18
2.4783e+02	1.0217e-18
2.4794e+02	1.0726e-18
2.4806e+02	1.0866e-18
2.4817e+02	1.0482e-18
2.4829e+02	1.0476e-18
2.4840e+02	1.1102e-18
2.4851e+02	1.0074e-18
2.4863e+02	1.0150e-18
2.4874e+02	1.0801e-18
2.4886e+02	1.0842e-18
2.4897e+02	1.1395e-18
2.4909e+02	1.1037e-18
2.4920e+02	1.0271e-18
2.4931e+02	9.6936e-19
2.4943e+02	9.4318e-19
2.4954e+02	9.6182e-19
2.4966e+02	1.0193e-18
2.4977e+02	1.0430e-18
2.4989e+02	1.0670e-18
2.5000e+02	1.0520e-18
2.5011e+02	1.0238e-18
2.5023e+02	1.0066e-18
2.5034e+02	1.0054e-18
2.5046e+02	9.9274e-19
2.5057e+02	9.5133e-19
2.5069e+02	9.2812e-19
2.5080e+02	1.0281e-18
2.5091e+02	1.1227e-18
2.5103e+02	9.5063e-19
2.5114e+02	8.1809e-19
2.5126e+02	9.1604e-19
2.5137e+02	1.1475e-18
2.5149e+02	1.0338e-18
2.5160e+02	7.3732e-19
2.5171e+02	9.1825e-19
2.5183e+02	9.9924e-19
2.5194e+02	9.7758e-19
2.5206e+02	9.7528e-19
2.5217e+02	9.9761e-19
2.5228e+02	1.0176e-18
2.5240e+02	9.4964e-19
2.5251e+02	9.8423e-19
2.5263e+02	1.0900e-18
2.5274e+02	9.8083e-19
2.5285e+02	9.4178e-19
2.5297e+02	9.4294e-19
2.5308e+02	9.5085e-19
2.5320e+02	9.3418e-19
2.5331e+02	9.3646e-19
2.5342e+02	9.4291e-19
2.5354e+02	9.3814e-19
2.5365e+02	9.5756e-19
2.5377e+02	9.2788e-19
2.5388e+02	9.5721e-19
2.5399e+02	9.0018e-19
2.5411e+02	9.7851e-19
2.5422e+02	9.6102e-19
2.5434e+02	9.4232e-19
2.5445e+02	9.4244e-19
2.5456e+02	9.5710e-19
2.5468e+02	9.4908e-19
2.5479e+02	9.5222e-19
2.5491e+02	1.0070e-18
2.5502e+02	9.7379e-19
2.5513e+02	9.2122e-19
2.5525e+02	9.3370e-19
2.5536e+02	9.3044e-19
2.5547e+02	9.4163e-19
2.5559e+02	9.0937e-19
2.5570e+02	9.0632e-19
2.5582e+02	9.1573e-19
2.5593e+02	9.1445e-19
2.5604e+02	9.0331e-19
2.5616e+02	8.8925e-19
2.5627e+02	8.9654e-19
2.5639e+02	9.1250e-19
2.5650e+02	9.1250e-19
2.5661e+02	9.2922e-19
2.5673e+02	9.1898e-19
2.5684e+02	9.2114e-19
2.5695e+02	9.1174e-19
2.5707e+02	9.0391e-19
2.5718e+02	8.9753e-19
2.5730e+02	8.9696e-19
2.5741e+02	9.0594e-19
2.5752e+02	9.0134e-19
2.5764e+02	9.0144e-19
2.5775e+02	9.0470e-19
2.5786e+02	9.1350e-19
2.5798e+02	9.0286e-19
2.5809e+02	9.0622e-19
2.5820e+02	9.1356e-19
2.5832e+02	9.1991e-19
2.5843e+02	9.1107e-19
2.5855e+02	9.0030e-19
2.5866e+02	8.9865e-19
2.5877e+02	8.8452e-19
2.5889e+02	9.0296e-19
2.5900e+02	9.1440e-19
2.5911e+02	9.0164e-19
2.5923e+02	8.9394e-19
2.5934e+02	9.0670e-19
2.5945e+02	8.9830e-19
2.5957e+02	8.8865e-19
2.5968e+02	8.8997e-19
2.5980e+02	8.9654e-19
2.5991e+02	8.9956e-19
2.6002e+02	8.9311e-19
2.6014e+02	9.0644e-19
2.6025e+02	8.9210e-19
2.6036e+02	9.0486e-19
2.6048e+02	8.9064e-19
2.6059e+02	8.9458e-19
2.6070e+02	8.9838e-19
2.6082e+02	8.9764e-19
2.6093e+02	8.9945e-19
2.6104e+02	8.9798e-19
2.6116e+02	8.8875e-19
2.6127e+02	8.9286e-19
2.6138e+02	8.8982e-19
2.6150e+02	8.9760e-19
2.6161e+02	8.7278e-19
2.6172e+02	8.8323e-19
2.6184e+02	8.8868e-19
2.6195e+02	8.9468e-19
2.6206e+02	8.8928e-19
2.6218e+02	8.7874e-19
2.6229e+02	8.7921e-19
2.6240e+02	8.8088e-19
2.6252e+02	8.7646e-19
2.6263e+02	8.7714e-19
2.6274e+02	8.8471e-19
2.6286e+02	8.9024e-19
2.6297e+02	8.8186e-19
2.6308e+02	8.8425e-19
2.6320e+02	8.8006e-19
2.6331e+02	8.8528e-19
2.6342e+02	8.9372e-19
2.6354e+02	8.8854e-19
2.6365e+02	8.8270e-19
2.6376e+02	8.6750e-19
2.6388e+02	8.6720e-19
2.6399e+02	8.6069e-19
2.6410e+02	8.5530e-19
2.6422e+02	8.4787e-19
2.6433e+02	8.5211e-19
2.6444e+02	9.3589e-19
2.6456e+02	9.2984e-19
2.6467e+02	8.4714e-19
2.6478e+02	8.5611e-19
2.6490e+02	8.6134e-19
2.6501e+02	8.6205e-19
2.6512e+02	8.6372e-19
2.6524e+02	8.5727e-19
2.6535e+02	8.7278e-19
2.6546e+02	8.6238e-19
2.6557e+02	8.5739e-19
2.6569e+02	8.5464e-19
2.6580e+02	8.4960e-19
2.6591e+02	8.4696e-19
2.6603e+02	8.4578e-19
2.6614e+02	8.4979e-19
2.6625e+02	8.5630e-19
2.6637e+02	8.4737e-19
2.6648e+02	8.6145e-19
2.6659e+02	8.5693e-19
2.6671e+02	8.5464e-19
2.6682e+02	8.4656e-19
2.6693e+02	8.3982e-19
2.6704e+02	8.4258e-19
2.6716e+02	8.3932e-19
2.6727e+02	8.1660e-19
2.6738e+02	8.2690e-19
2.6750e+02	8.3400e-19
2.6761e+02	8.2027e-19
2.6772e+02	8.2691e-19
2.6783e+02	8.2979e-19
2.6795e+02	8.4064e-19
2.6806e+02	8.3940e-19
2.6817e+02	8.2843e-19
2.6829e+02	8.2488e-19
2.6840e+02	8.2000e-19
2.6851e+02	8.0362e-19
2.6863e+02	8.1718e-19
2.6874e+02	8.0565e-19
2.6885e+02	8.1180e-19
2.6896e+02	8.0850e-19
2.6908e+02	8.0636e-19
2.6919e+02	8.0494e-19
2.6930e+02	8.0426e-19
2.6942e+02	7.9694e-19
2.6953e+02	7.8406e-19
2.6964e+02	7.9023e-19
2.6975e+02	7.8530e-19
2.6987e+02	8.2850e-19
2.6998e+02	7.9687e-19
2.7009e+02	7.8301e-19
2.7020e+02	7.7896e-19
2.7032e+02	7.6633e-19
2.7043e+02	7.7552e-19
2.7054e+02	7.9136e-19
2.7066e+02	7.7092e-19
2.7077e+02	7.6232e-19
2.7088e+02	7.7156e-19
2.7099e+02	7.8828e-19
2.7111e+02	7.7898e-19
2.7122e+02	7.6982e-19
2.7133e+02	7.6670e-19
2.7144e+02	7.6900e-19
2.7156e+02	7.7136e-19
2.7167e+02	6.9430e-19
2.7178e+02	6.0260e-19
2.7190e+02	7.4660e-19
2.7201e+02	7.5435e-19
2.7212e+02	7.7362e-19
2.7223e+02	7.6980e-19
2.7235e+02	7.6178e-19
2.7246e+02	7.6129e-19
2.7257e+02	7.6772e-19
2.7268e+02	7.7014e-19
2.7280e+02	7.6056e-19
2.7291e+02	7.4938e-19
2.7302e+02	7.4854e-19
2.7313e+02	7.5622e-19
2.7325e+02	7.4700e-19
2.7336e+02	7.4726e-19
2.7347e+02	7.3605e-19
2.7358e+02	7.3250e-19
2.7370e+02	7.3184e-19
2.7381e+02	7.2833e-19
2.7392e+02	7.2943e-19
2.7403e+02	7.3855e-19
2.7415e+02	7.3818e-19
2.7426e+02	7.2224e-19
2.7437e+02	7.3703e-19
2.7448e+02	7.1956e-19
2.7460e+02	6.3010e-19
2.7471e+02	6.9387e-19
2.7482e+02	7.3378e-19
2.7493e+02	6.8727e-19
2.7505e+02	6.2146e-19
2.7516e+02	6.1327e-19
2.7527e+02	6.1932e-19
2.7538e+02	6.2294e-19
2.7550e+02	6.1900e-19
2.7561e+02	6.0756e-19
2.7572e+02	6.0030e-19
2.7583e+02	6.0208e-19
2.7595e+02	6.1436e-19
2.7606e+02	6.0872e-19
2.7617e+02	5.9628e-19
2.7628e+02	5.9597e-19
2.7639e+02	5.8885e-19
2.7651e+02	5.8880e-19
2.7662e+02	5.9205e-19
2.7673e+02	5.9254e-19
2.7684e+02	5.9015e-19
2.7696e+02	5.9199e-19
2.7707e+02	5.8540e-19
2.7718e+02	5.7185e-19
2.7729e+02	5.6784e-19
2.7740e+02	5.7912e-19
2.7752e+02	5.7666e-19
2.7763e+02	5.6577e-19
2.7774e+02	5.7396e-19
2.7785e+02	5.8902e-19
2.7797e+02	5.8948e-19
2.7808e+02	5.7660e-19
2.7819e+02	5.7666e-19
2.7830e+02	5.8662e-19
2.7841e+02	5.8803e-19
2.7853e+02	5.7713e-19
2.7864e+02	5.7642e-19
2.7875e+02	5.7510e-19
2.7886e+02	5.7017e-19
2.7898e+02	5.6925e-19
2.7909e+02	5.6754e-19
2.7920e+02	5.6648e-19
2.7931e+02	5.5228e-19
2.7942e+02	5.4429e-19
2.7954e+02	5.5690e-19
2.7965e+02	5.5534e-19
2.7976e+02	5.4865e-19
2.7987e+02	5.4372e-19
2.7998e+02	5.4510e-19
2.8010e+02	5.4444e-19
2.8021e+02	5.4121e-19
2.8032e+02	5.3790e-19
2.8043e+02	5.3477e-19
2.8054e+02	5.3187e-19
2.8066e+02	5.3228e-19
2.8077e+02	5.3558e-19
2.8088e+02	5.2364e-19
2.8099e+02	5.2892e-19
2.8110e+02	5.1540e-19
2.8122e+02	5.3508e-19
2.8133e+02	5.2902e-19
2.8144e+02	5.2056e-19
2.8155e+02	5.2238e-19
2.8166e+02	5.2503e-19
2.8178e+02	5.2196e-19
2.8189e+02	5.2197e-19
2.8200e+02	5.1150e-19
2.8211e+02	5.0692e-19
2.8222e+02	5.1337e-19
2.8234e+02	5.1502e-19
2.8245e+02	5.0478e-19
2.8256e+02	5.0597e-19
2.8267e+02	5.1583e-19
2.8278e+02	5.1837e-19
2.8289e+02	5.1752e-19
2.8301e+02	5.0734e-19
2.8312e+02	5.0673e-19
2.8323e+02	5.1510e-19
2.8334e+02	5.7164e-19
2.8345e+02	5.2982e-19
2.8357e+02	4.8854e-19
2.8368e+02	4.9166e-19
2.8379e+02	4.9848e-19
2.8390e+02	5.0370e-19
2.8401e+02	4.9327e-19
2.8412e+02	4.9292e-19
2.8424e+02	4.8775e-19
2.8435e+02	4.9058e-19
2.8446e+02	4.8433e-19
2.8457e+02	4.7204e-19
2.8468e+02	4.7318e-19
2.8479e+02	4.7742e-19
2.8491e+02	4.6074e-19
2.8502e+02	4.5298e-19
2.8513e+02	4.5989e-19
2.8524e+02	4.5302e-19
2.8535e+02	4.8392e-19
2.8546e+02	4.7052e-19
2.8558e+02	4.6645e-19
2.8569e+02	4.6418e-19
2.8580e+02	4.5576e-19
2.8591e+02	4.4849e-19
2.8602e+02	4.4355e-19
2.8613e+02	4.4998e-19
2.8625e+02	4.4710e-19
2.8636e+02	4.4816e-19
2.8647e+02	4.4518e-19
2.8658e+02	4.3607e-19
2.8669e+02	4.4117e-19
2.8680e+02	4.4430e-19
2.8691e+02	4.3790e-19
2.8703e+02	4.4255e-19
2.8714e+02	4.3806e-19
2.8725e+02	4.3410e-19
2.8736e+02	4.2794e-19
2.8747e+02	4.2596e-19
2.8758e+02	4.3341e-19
2.8770e+02	4.2712e-19
2.8781e+02	4.1928e-19
2.8792e+02	4.1958e-19
2.8803e+02	4.1900e-19
2.8814e+02	4.1114e-19
2.8825e+02	4.1140e-19
2.8836e+02	4.2645e-19
2.8848e+02	4.2170e-19
2.8859e+02	4.1471e-19
2.8870e+02	4.0938e-19
2.8881e+02	4.1589e-19
2.8892e+02	4.1850e-19
2.8903e+02	4.0998e-19
2.8914e+02	4.2101e-19
2.8925e+02	4.2330e-19
2.8937e+02	4.2474e-19
2.8948e+02	4.0792e-19
2.8959e+02	4.0016e-19
2.8970e+02	4.0578e-19
2.8981e+02	4.0873e-19
2.8992e+02	4.0246e-19
2.9003e+02	3.9580e-19
2.9015e+02	3.9830e-19
2.9026e+02	3.9849e-19
2.9037e+02	3.8740e-19
2.9048e+02	3.9186e-19
2.9059e+02	3.9359e-19
2.9070e+02	3.9234e-19
2.9081e+02	3.8880e-19
2.9092e+02	3.8891e-19
2.9104e+02	3.8926e-19
2.9115e+02	3.7904e-19
2.9126e+02	3.7736e-19
2.9137e+02	3.7472e-19
2.9148e+02	3.8241e-19
2.9159e+02	3.7159e-19
2.9170e+02	3.7370e-19
2.9181e+02	3.7350e-19
2.9192e+02	3.7273e-19
2.9204e+02	3.7631e-19
2.9215e+02	3.6616e-19
2.9226e+02	3.6423e-19
2.9237e+02	3.8878e-19
2.9248e+02	3.6546e-19
2.9259e+02	3.7585e-19
2.9270e+02	3.7744e-19
2.9281e+02	3.7354e-19
2.9293e+02	3.6897e-19
2.9304e+02	3.6332e-19
2.9315e+02	3.6028e-19
2.9326e+02	3.5860e-19
2.9337e+02	3.5420e-19
2.9348e+02	3.6324e-19
2.9359e+02	3.5420e-19
2.9370e+02	3.5420e-19
2.9381e+02	3.5028e-19
2.9392e+02	3.4372e-19
2.9404e+02	3.4692e-19
2.9415e+02	3.5200e-19
2.9426e+02	3.5512e-19
2.9437e+02	3.4544e-19
2.9448e+02	3.6852e-19
2.9459e+02	3.6364e-19
2.9470e+02	3.4380e-19
2.9481e+02	3.3588e-19
2.9492e+02	3.3900e-19
2.9503e+02	3.3948e-19
2.9514e+02	3.4040e-19
2.9526e+02	3.3704e-19
2.9537e+02	3.4848e-19
2.9548e+02	3.3556e-19
2.9559e+02	3.2508e-19
2.9570e+02	3.2560e-19
2.9581e+02	3.3520e-19
2.9592e+02	3.3688e-19
2.9603e+02	3.2576e-19
2.9614e+02	3.2368e-19
2.9625e+02	3.1400e-19
2.9636e+02	3.2368e-19
2.9648e+02	3.1744e-19
2.9659e+02	3.2824e-19
2.9670e+02	3.4320e-19
2.9681e+02	3.3752e-19
2.9692e+02	3.2076e-19
2.9703e+02	3.1716e-19
2.9714e+02	3.2364e-19
2.9725e+02	3.2100e-19
2.9736e+02	3.2012e-19
2.9747e+02	3.1772e-19
2.9758e+02	3.1956e-19
2.9769e+02	3.2256e-19
2.9780e+02	3.1880e-19
2.9792e+02	3.1352e-19
2.9803e+02	3.1728e-19
2.9814e+02	3.1536e-19
2.9825e+02	3.1800e-19
2.9836e+02	3.2768e-19
2.9847e+02	3.2368e-19
2.9858e+02	3.1624e-19
2.9869e+02	3.2080e-19
2.9880e+02	3.2120e-19
2.9891e+02	3.1100e-19
2.9902e+02	3.0828e-19
2.9913e+02	2.9416e-19
2.9924e+02	2.9768e-19
2.9935e+02	2.9800e-19
2.9946e+02	3.0684e-19
2.9957e+02	3.0932e-19
2.9969e+02	3.1164e-19
2.9980e+02	3.0540e-19
2.9991e+02	2.9632e-19
3.0002e+02	3.1112e-19
3.0013e+02	3.1676e-19
3.0024e+02	3.1148e-19
3.0035e+02	3.1180e-19
3.0046e+02	3.0928e-19
3.0057e+02	3.0184e-19
3.0068e+02	3.0448e-19
3.0079e+02	3.0888e-19
3.0090e+02	2.9940e-19
3.0101e+02	3.0564e-19
3.0112e+02	3.1268e-19
3.0123e+02	3.0040e-19
3.0134e+02	2.9584e-19
3.0145e+02	3.0160e-19
3.0156e+02	2.9928e-19
3.0167e+02	2.9668e-19
3.0178e+02	3.0500e-19
3.0190e+02	3.0580e-19
3.0201e+02	3.0940e-19
3.0212e+02	3.1380e-19
3.0223e+02	3.1736e-19
3.0234e+02	3.0432e-19
3.0245e+02	3.0140e-19
3.0256e+02	2.9964e-19
3.0267e+02	2.9780e-19
3.0278e+02	2.9740e-19
3.0289e+02	2.8672e-19
3.0300e+02	2.9200e-19
3.0311e+02	3.0168e-19
3.0322e+02	3.0908e-19
3.0333e+02	3.1292e-19
3.0344e+02	3.1036e-19
3.0355e+02	3.0420e-19
3.0366e+02	3.0028e-19
3.0377e+02	2.9812e-19
3.0388e+02	2.8296e-19
3.0399e+02	2.8208e-19
3.0410e+02	3.0520e-19
3.0421e+02	3.1304e-19
3.0432e+02	3.1400e-19
3.0443e+02	3.0828e-19
3.0454e+02	3.0292e-19
3.0465e+02	3.0680e-19
3.0476e+02	3.0648e-19
3.0487e+02	3.1176e-19
3.0498e+02	3.0528e-19
3.0509e+02	2.9248e-19
3.0520e+02	2.8500e-19
3.0531e+02	2.8732e-19
3.0542e+02	2.8804e-19
3.0553e+02	2.8268e-19
3.0564e+02	2.8488e-19
3.0575e+02	2.6200e-19
3.0586e+02	2.7696e-19
3.0597e+02	2.7444e-19
3.0608e+02	2.9028e-19
3.0619e+02	3.0624e-19
3.0630e+02	3.0760e-19
3.0641e+02	2.8868e-19
3.0652e+02	2.6452e-19
3.0663e+02	3.0372e-19
3.0674e+02	2.9756e-19
3.0685e+02	2.9940e-19
3.0696e+02	2.8368e-19
3.0707e+02	2.7264e-19
3.0718e+02	2.8408e-19
3.0729e+02	2.9976e-19
3.0740e+02	2.9320e-19
3.0751e+02	2.8624e-19
3.0762e+02	2.8888e-19
3.0773e+02	2.9572e-19
3.0784e+02	2.8836e-19
3.0795e+02	2.8980e-19
3.0806e+02	3.0212e-19
3.0817e+02	3.0120e-19
3.0828e+02	2.8728e-19
3.0839e+02	3.0052e-19
3.0850e+02	2.7500e-19
3.0861e+02	2.8380e-19
3.0872e+02	3.0628e-19
3.0883e+02	3.0212e-19
3.0894e+02	2.9236e-19
3.0905e+02	2.8900e-19
3.0916e+02	2.8844e-19
3.0927e+02	2.8892e-19
3.0938e+02	2.9896e-19
3.0949e+02	2.9808e-19
3.0960e+02	3.0120e-19
3.0971e+02	3.0200e-19
3.0982e+02	2.9864e-19
3.0993e+02	2.9996e-19
3.1004e+02	3.0724e-19
3.1015e+02	3.1300e-19
3.1026e+02	3.1548e-19
3.1037e+02	2.9876e-19
3.1048e+02	3.0388e-19
3.1059e+02	3.1724e-19
3.1070e+02	3.1240e-19
3.1081e+02	3.1800e-19
3.1092e+02	3.2308e-19
3.1103e+02	3.0636e-19
3.1114e+02	2.9776e-19
3.1125e+02	2.9600e-19
3.1136e+02	3.2416e-19
3.1147e+02	3.2192e-19
3.1158e+02	3.1616e-19
3.1169e+02	3.1296e-19
3.1180e+02	3.1480e-19
3.1191e+02	3.1816e-19
3.1202e+02	3.1568e-19
3.1213e+02	3.1348e-19
3.1224e+02	3.0204e-19
3.1235e+02	3.2260e-19
3.1246e+02	3.2256e-19
3.1257e+02	3.2952e-19
3.1267e+02	3.4168e-19
3.1278e+02	3.5024e-19
3.1289e+02	3.5016e-19
3.1300e+02	3.4400e-19
3.1311e+02	3.6160e-19
3.1322e+02	3.4804e-19
3.1333e+02	3.5388e-19
3.1344e+02	3.4856e-19
3.1355e+02	3.3440e-19
3.1366e+02	3.3236e-19
3.1377e+02	3.4244e-19
3.1388e+02	3.5040e-19
3.1399e+02	3.5920e-19
3.1410e+02	3.6400e-19
3.1421e+02	3.6092e-19
3.1432e+02	3.6068e-19
3.1443e+02	3.6464e-19
3.1454e+02	3.7296e-19
3.1465e+02	3.7986e-19
3.1476e+02	3.6518e-19
3.1486e+02	3.6398e-19
3.1497e+02	3.6266e-19
3.1508e+02	3.6876e-19
3.1519e+02	3.7297e-19
3.1530e+02	3.7142e-19
3.1541e+02	3.7902e-19
3.1552e+02	4.0369e-19
3.1563e+02	3.8895e-19
3.1574e+02	4.0100e-19
3.1585e+02	4.0810e-19
3.1596e+02	4.1008e-19
3.1607e+02	4.0532e-19
3.1618e+02	3.9942e-19
3.1629e+02	3.9786e-19
3.1640e+02	3.9886e-19
3.1651e+02	3.9538e-19
3.1661e+02	4.0218e-19
3.1672e+02	3.9788e-19
3.1683e+02	4.0548e-19
3.1694e+02	4.0956e-19
3.1705e+02	4.0654e-19
3.1716e+02	4.0268e-19
3.1727e+02	4.0321e-19
3.1738e+02	4.1828e-19
3.1749e+02	4.1335e-19
3.1760e+02	4.0426e-19
3.1771e+02	4.1196e-19
3.1782e+02	4.1828e-19
3.1793e+02	4.2206e-19
3.1803e+02	4.2878e-19
3.1814e+02	4.3880e-19
3.1825e+02	4.2930e-19
3.1836e+02	4.4928e-19
3.1847e+02	4.4972e-19
3.1858e+02	4.4734e-19
3.1869e+02	4.4370e-19
3.1880e+02	4.4492e-19
3.1891e+02	4.4946e-19
3.1902e+02	4.5090e-19
3.1913e+02	4.7181e-19
3.1924e+02	4.5878e-19
3.1934e+02	4.6696e-19
3.1945e+02	4.5320e-19
3.1956e+02	4.5302e-19
3.1967e+02	4.6310e-19
3.1978e+02	4.5785e-19
3.1989e+02	4.5415e-19
3.2000e+02	4.5380e-19
3.2011e+02	4.7219e-19
3.2022e+02	4.6702e-19
3.2033e+02	4.7106e-19
3.2043e+02	4.7549e-19
3.2054e+02	4.7199e-19
3.2065e+02	4.6306e-19
3.2076e+02	4.6615e-19
3.2087e+02	4.7108e-19
3.2098e+02	4.9415e-19
3.2109e+02	4.9339e-19
3.2120e+02	4.8894e-19
3.2131e+02	4.8783e-19
3.2142e+02	4.9150e-19
3.2152e+02	4.9914e-19
3.2163e+02	5.1042e-19
3.2174e+02	5.1077e-19
3.2185e+02	4.8936e-19
3.2196e+02	5.0243e-19
3.2207e+02	5.0718e-19
3.2218e+02	5.1127e-19
3.2229e+02	5.2494e-19
3.2240e+02	5.2826e-19
3.2250e+02	5.0290e-19
3.2261e+02	5.3080e-19
3.2272e+02	5.2723e-19
3.2283e+02	5.4135e-19
3.2294e+02	5.4925e-19
3.2305e+02	5.4752e-19
3.2316e+02	5.3818e-19
3.2327e+02	5.2088e-19
3.2337e+02	5.4528e-19
3.2348e+02	5.4616e-19
3.2359e+02	5.3566e-19
3.2370e+02	5.3784e-19
3.2381e+02	5.4502e-19
3.2392e+02	5.4697e-19
3.2403e+02	5.4719e-19
3.2414e+02	5.5535e-19
3.2424e+02	5.5503e-19
3.2435e+02	5.6100e-19
3.2446e+02	5.6168e-19
3.2457e+02	5.6572e-19
3.2468e+02	5.6902e-19
3.2479e+02	5.7024e-19
3.2490e+02	5.6794e-19
3.2501e+02	5.4932e-19
3.2511e+02	5.7756e-19
3.2522e+02	5.8127e-19
3.2533e+02	5.7035e-19
3.2544e+02	5.7803e-19
3.2555e+02	5.9010e-19
3.2566e+02	5.8338e-19
3.2577e+02	5.7067e-19
3.2587e+02	5.8203e-19
3.2598e+02	5.7504e-19
3.2609e+02	5.7792e-19
3.2620e+02	5.8674e-19
3.2631e+02	5.9596e-19
3.2642e+02	6.0238e-19
3.2653e+02	6.0450e-19
3.2663e+02	6.0284e-19
3.2674e+02	6.1463e-19
3.2685e+02	6.2458e-19
3.2696e+02	6.0837e-19
3.2707e+02	6.0530e-19
3.2718e+02	6.0856e-19
3.2728e+02	6.0782e-19
3.2739e+02	6.1068e-19
3.2750e+02	6.1490e-19
3.2761e+02	6.2247e-19
3.2772e+02	6.1757e-19
3.2783e+02	6.2684e-19
3.2794e+02	6.2868e-19
3.2804e+02	6.2902e-19
3.2815e+02	6.3728e-19
3.2826e+02	6.3247e-19
3.2837e+02	6.2886e-19
3.2848e+02	6.3366e-19
3.2859e+02	6.2178e-19
3.2869e+02	6.2044e-19
3.2880e+02	6.3068e-19
3.2891e+02	6.3817e-19
3.2902e+02	6.3484e-19
3.2913e+02	6.5520e-19
3.2924e+02	6.4860e-19
3.2934e+02	7.1280e-19
3.2945e+02	6.9762e-19
3.2956e+02	6.7267e-19
3.2967e+02	6.7466e-19
3.2978e+02	6.7013e-19
3.2989e+02	6.5678e-19
3.2999e+02	6.5798e-19
3.3010e+02	6.6250e-19
3.3021e+02	6.6897e-19
3.3032e+02	6.7189e-19
3.3043e+02	6.6648e-19
3.3054e+02	6.5776e-19
3.3064e+02	6.5930e-19
3.3075e+02	6.9300e-19
3.3086e+02	6.8684e-19
3.3097e+02	6.8030e-19
3.3108e+02	6.7684e-19
3.3118e+02	6.8114e-19
3.3129e+02	6.7935e-19
3.3140e+02	6.7010e-19
3.3151e+02	7.0339e-19
3.3162e+02	6.8676e-19
3.3173e+02	6.7970e-19
3.3183e+02	6.8759e-19
3.3194e+02	6.8630e-19
3.3205e+02	6.8664e-19
3.3216e+02	7.0174e-19
3.3227e+02	7.1484e-19
3.3237e+02	7.0652e-19
3.3248e+02	6.9165e-19
3.3259e+02	7.6421e-19
3.3270e+02	7.3074e-19
3.3281e+02	6.8876e-19
3.3291e+02	7.0120e-19
3.3302e+02	7.3509e-19
3.3313e+02	7.4212e-19
3.3324e+02	7.2505e-19
3.3335e+02	7.1014e-19
3.3345e+02	7.1124e-19
3.3356e+02	7.0527e-19
3.3367e+02	7.0190e-19
3.3378e+02	7.1874e-19
3.3389e+02	7.3544e-19
3.3399e+02	7.2768e-19
3.3410e+02	7.3554e-19
3.3421e+02	7.2886e-19
3.3432e+02	7.2341e-19
3.3443e+02	7.3274e-19
3.3453e+02	7.3829e-19
3.3464e+02	7.1528e-19
3.3475e+02	7.2320e-19
3.3486e+02	7.3297e-19
3.3497e+02	7.2503e-19
3.3507e+02	7.5749e-19
3.3518e+02	7.6616e-19
3.3529e+02	7.6702e-19
3.3540e+02	8.1212e-19
3.3550e+02	7.7820e-19
3.3561e+02	7.6843e-19
3.3572e+02	7.7698e-19
3.3583e+02	8.1460e-19
3.3594e+02	8.0093e-19
3.3604e+02	7.8755e-19
3.3615e+02	8.2250e-19
3.3626e+02	8.1963e-19
3.3637e+02	8.5404e-19
3.3648e+02	7.9781e-19
3.3658e+02	7.9749e-19
3.3669e+02	7.9846e-19
3.3680e+02	8.1168e-19
3.3691e+02	8.3318e-19
3.3701e+02	8.1915e-19
3.3712e+02	8.1528e-19
3.3723e+02	8.1443e-19
3.3734e+02	8.2532e-19
3.3744e+02	8.2086e-19
3.3755e+02	8.1280e-19
3.3766e+02	8.1969e-19
3.3777e+02	8.3841e-19
3.3788e+02	8.4273e-19
3.3798e+02	8.2337e-19
3.3809e+02	8.2008e-19
3.3820e+02	8.1604e-19
3.3831e+02	8.2107e-19
3.3841e+02	8.3094e-19
3.3852e+02	8.3381e-19
3.3863e+02	8.3061e-19
3.3874e+02	8.2858e-19
3.3884e+02	8.2494e-19
3.3895e+02	8.2384e-19
3.3906e+02	8.2419e-19
3.3917e+02	8.2987e-19
3.3927e+02	8.3936e-19
3.3938e+02	8.3971e-19
3.3949e+02	8.7508e-19
3.3960e+02	8.6342e-19
3.3970e+02	8.3516e-19
3.3981e+02	8.3666e-19
3.3992e+02	8.4606e-19
3.4003e+02	8.3092e-19
3.4013e+02	8.3759e-19
3.4024e+02	8.0872e-19
3.4035e+02	8.3050e-19
3.4046e+02	8.2246e-19
3.4056e+02	8.2060e-19
3.4067e+02	8.1712e-19
3.4078e+02	8.1116e-19
3.4089e+02	8.3998e-19
3.4099e+02	8.3254e-19
3.4110e+02	8.2940e-19
3.4121e+02	8.2125e-19
3.4132e+02	8.2515e-19
3.4142e+02	8.3557e-19
3.4153e+02	8.3780e-19
3.4164e+02	8.1893e-19
3.4175e+02	8.1770e-19
3.4185e+02	8.1442e-19
3.4196e+02	8.1639e-19
3.4207e+02	8.2145e-19
3.4218e+02	8.2321e-19
3.4228e+02	8.1743e-19
3.4239e+02	8.0510e-19
3.4250e+02	8.1390e-19
3.4260e+02	8.2582e-19
3.4271e+02	8.1921e-19
3.4282e+02	8.1408e-19
3.4293e+02	8.2046e-19
3.4303e+02	8.2982e-19
3.4314e+02	8.3006e-19
3.4325e+02	8.1730e-19
3.4336e+02	8.1440e-19
3.4346e+02	8.2638e-19
3.4357e+02	8.1221e-19
3.4368e+02	7.9584e-19
3.4378e+02	8.0462e-19
3.4389e+02	8.3346e-19
3.4400e+02	8.2140e-19
3.4411e+02	8.0274e-19
3.4421e+02	8.0700e-19
3.4432e+02	7.9581e-19
3.4443e+02	8.0615e-19
3.4453e+02	8.4486e-19
3.4464e+02	8.8604e-19
3.4475e+02	9.2890e-19
3.4486e+02	8.1952e-19
3.4496e+02	7.8842e-19
3.4507e+02	7.9581e-19
3.4518e+02	8.0038e-19
3.4528e+02	7.9300e-19
3.4539e+02	7.9883e-19
3.4550e+02	7.9980e-19
3.4561e+02	7.9452e-19
3.4571e+02	7.9611e-19
3.4582e+02	7.9031e-19
3.4593e+02	7.8785e-19
3.4603e+02	7.9472e-19
3.4614e+02	8.0086e-19
3.4625e+02	7.7340e-19
3.4635e+02	7.7308e-19
3.4646e+02	7.5682e-19
3.4657e+02	7.6298e-19
3.4668e+02	7.6773e-19
3.4678e+02	7.5938e-19
3.4689e+02	7.5633e-19
3.4700e+02	7.4850e-19
3.4710e+02	7.5530e-19
3.4721e+02	7.5170e-19
3.4732e+02	7.4231e-19
3.4742e+02	7.3852e-19
3.4753e+02	7.4586e-19
3.4764e+02	7.5522e-19
3.4774e+02	7.2338e-19
3.4785e+02	7.3716e-19
3.4796e+02	7.2698e-19
3.4807e+02	7.1790e-19
3.4817e+02	7.1959e-19
3.4828e+02	7.1526e-19
3.4839e+02	6.8369e-19
3.4849e+02	6.9561e-19
3.4860e+02	7.0304e-19
3.4871e+02	7.1419e-19
3.4881e+02	7.1779e-19
3.4892e+02	7.1118e-19
3.4903e+02	7.0389e-19
3.4913e+02	7.1212e-19
3.4924e+02	7.0587e-19
3.4935e+02	7.0170e-19
3.4945e+02	6.8742e-19
3.4956e+02	6.8882e-19
3.4967e+02	7.0299e-19
3.4977e+02	7.1283e-19
3.4988e+02	7.3652e-19
3.4999e+02	7.3485e-19
3.5009e+02	6.7012e-19
3.5020e+02	6.4104e-19
3.5031e+02	6.3336e-19
3.5041e+02	6.3000e-19
3.5052e+02	6.3396e-19
3.5063e+02	6.2625e-19
3.5073e+02	6.2329e-19
3.5084e+02	6.2407e-19
3.5095e+02	6.2730e-19
3.5105e+02	6.2090e-19
3.5116e+02	6.1622e-19
3.5127e+02	6.3198e-19
3.5137e+02	6.1286e-19
3.5148e+02	6.2601e-19
3.5159e+02	6.1984e-19
3.5169e+02	6.2280e-19
3.5180e+02	6.1650e-19
3.5191e+02	5.9924e-19
3.5201e+02	6.0339e-19
3.5212e+02	6.1976e-19
3.5223e+02	5.9270e-19
3.5233e+02	6.0071e-19
3.5244e+02	6.0222e-19
3.5255e+02	5.9282e-19
3.5265e+02	5.8618e-19
3.5276e+02	5.8288e-19
3.5287e+02	5.8261e-19
3.5297e+02	6.0092e-19
3.5308e+02	5.9217e-19
3.5319e+02	5.7745e-19
3.5329e+02	5.7022e-19
3.5340e+02	5.6554e-19
3.5350e+02	5.5690e-19
3.5361e+02	5.5919e-19
3.5372e+02	5.6543e-19
3.5382e+02	5.7396e-19
3.5393e+02	5.7542e-19
3.5404e+02	5.6478e-19
3.5414e+02	5.5616e-19
3.5425e+02	5.8370e-19
3.5436e+02	5.3688e-19
3.5446e+02	5.3907e-19
3.5457e+02	5.3022e-19
3.5468e+02	5.2943e-19
3.5478e+02	5.3878e-19
3.5489e+02	5.3049e-19
3.5499e+02	5.2841e-19
3.5510e+02	5.1124e-19
3.5521e+02	5.3182e-19
3.5531e+02	5.3563e-19
3.5542e+02	5.2458e-19
3.5553e+02	5.1866e-19
3.5563e+02	5.1397e-19
3.5574e+02	5.1106e-19
3.5584e+02	4.9496e-19
3.5595e+02	4.9282e-19
3.5606e+02	4.9209e-19
3.5616e+02	4.8913e-19
3.5627e+02	4.9249e-19
3.5638e+02	4.9993e-19
3.5648e+02	4.9249e-19
3.5659e+02	4.6962e-19
3.5669e+02	4.7752e-19
3.5680e+02	4.8998e-19
3.5691e+02	4.8421e-19
3.5701e+02	4.7946e-19
3.5712e+02	4.8342e-19
3.5723e+02	4.6924e-19
3.5733e+02	4.7604e-19
3.5744e+02	4.7927e-19
3.5754e+02	4.7656e-19
3.5765e+02	4.8290e-19
3.5776e+02	5.1012e-19
3.5786e+02	4.6636e-19
3.5797e+02	4.6656e-19
3.5807e+02	4.6663e-19
3.5818e+02	4.5255e-19
3.5829e+02	4.4646e-19
3.5839e+02	4.6716e-19
3.5850e+02	4.6690e-19
3.5860e+02	4.3234e-19
3.5871e+02	4.4417e-19
3.5882e+02	4.4299e-19
3.5892e+02	4.3382e-19
3.5903e+02	4.3368e-19
3.5913e+02	4.3747e-19
3.5924e+02	4.4566e-19
3.5935e+02	4.3952e-19
3.5945e+02	4.3762e-19
3.5956e+02	4.3836e-19
3.5966e+02	4.3493e-19
3.5977e+02	4.2162e-19
3.5988e+02	4.1072e-19
3.5998e+02	4.1104e-19
3.6009e+02	3.9123e-19
3.6019e+02	4.0326e-19
3.6030e+02	4.1686e-19
3.6041e+02	4.1292e-19
3.6051e+02	4.1921e-19
3.6062e+02	4.0284e-19
3.6072e+02	3.8880e-19
3.6083e+02	3.8057e-19
3.6094e+02	3.8022e-19
3.6104e+02	3.8558e-19
3.6115e+02	3.9706e-19
3.6125e+02	4.1250e-19
3.6136e+02	3.8082e-19
3.6146e+02	3.7473e-19
3.6157e+02	3.8140e-19
3.6168e+02	3.8792e-19
3.6178e+02	3.8774e-19
3.6189e+02	3.8318e-19
3.6199e+02	3.7302e-19
3.6210e+02	3.6640e-19
3.6221e+02	3.5412e-19
3.6231e+02	3.5428e-19
3.6242e+02	3.6252e-19
3.6252e+02	3.6428e-19
3.6263e+02	3.5048e-19
3.6273e+02	3.6008e-19
3.6284e+02	3.4688e-19
3.6295e+02	3.4640e-19
3.6305e+02	3.5000e-19
3.6316e+02	3.5392e-19
3.6326e+02	3.6192e-19
3.6337e+02	3.3904e-19
3.6347e+02	3.5016e-19
3.6358e+02	3.4056e-19
3.6369e+02	3.2624e-19
3.6379e+02	3.2288e-19
3.6390e+02	3.2780e-19
3.6400e+02	3.2300e-19
3.6411e+02	3.0452e-19
3.6421e+02	3.0268e-19
3.6432e+02	2.8172e-19
3.6442e+02	2.7616e-19
3.6453e+02	3.0584e-19
3.6464e+02	3.3268e-19
3.6474e+02	3.0388e-19
3.6485e+02	2.8980e-19
3.6495e+02	2.8880e-19
3.6506e+02	2.5256e-19
3.6516e+02	2.1760e-19
3.6527e+02	2.3248e-19
3.6537e+02	2.3488e-19
3.6548e+02	2.3584e-19
3.6559e+02	2.2592e-19
3.6569e+02	2.3188e-19
3.6580e+02	2.3900e-19
3.6590e+02	2.3960e-19
3.6601e+02	2.5160e-19
3.6611e+02	2.2760e-19
3.6622e+02	2.4376e-19
3.6632e+02	2.2312e-19
3.6643e+02	2.0816e-19
3.6653e+02	2.1384e-19
3.6664e+02	2.0472e-19
3.6675e+02	1.8800e-19
3.6685e+02	1.9120e-19
3.6696e+02	1.8180e-19
3.6706e+02	1.8756e-19
3.6717e+02	2.0548e-19
3.6727e+02	2.1236e-19
3.6738e+02	1.8796e-19
3.6748e+02	1.8716e-19
3.6759e+02	1.9924e-19
3.6769e+02	1.9412e-19
3.6780e+02	1.8780e-19
3.6790e+02	1.8920e-19
3.6801e+02	1.7760e-19
3.6811e+02	1.7360e-19
3.6822e+02	1.8060e-19
3.6833e+02	1.9516e-19
3.6843e+02	1.9716e-19
3.6854e+02	1.9036e-19
3.6864e+02	1.8924e-19
3.6875e+02	1.9100e-19
3.6885e+02	1.7100e-19
3.6896e+02	1.7484e-19
3.6906e+02	1.6940e-19
3.6917e+02	1.6188e-19
3.6927e+02	1.6716e-19
3.6938e+02	1.6796e-19
3.6948e+02	1.6716e-19
3.6959e+02	1.6268e-19
3.6969e+02	1.5736e-19
3.6980e+02	1.4920e-19
3.6990e+02	1.4620e-19
3.7001e+02	1.6556e-19
3.7011e+02	1.9116e-19
3.7022e+02	1.5928e-19
3.7032e+02	1.5136e-19
3.7043e+02	1.5092e-19
3.7053e+02	1.4436e-19
3.7064e+02	1.3480e-19
3.7074e+02	1.2680e-19
3.7085e+02	1.4280e-19
3.7095e+02	1.4280e-19
3.7106e+02	1.4576e-19
3.7117e+02	1.5236e-19
3.7127e+02	1.4852e-19
3.7138e+02	1.2528e-19
3.7148e+02	1.3088e-19
3.7159e+02	1.4136e-19
3.7169e+02	1.4084e-19
3.7180e+02	1.3180e-19
3.7190e+02	1.2620e-19
3.7201e+02	1.3588e-19
3.7211e+02	1.4468e-19
3.7222e+02	1.4144e-19
3.7232e+02	1.3720e-19
3.7243e+02	1.4028e-19
3.7253e+02	1.4196e-19
3.7263e+02	1.2548e-19
3.7274e+02	1.1404e-19
3.7284e+02	1.1300e-19
3.7295e+02	1.1720e-19
3.7305e+02	1.1520e-19
3.7316e+02	1.1528e-19
3.7326e+02	1.3464e-19
3.7337e+02	1.4168e-19
3.7347e+02	1.1312e-19
3.7358e+02	1.1040e-19
3.7368e+02	1.2104e-19
3.7379e+02	1.3448e-19
3.7389e+02	1.3814e-19
3.7400e+02	9.5200e-20
3.7410e+02	1.2224e-19
3.7421e+02	1.1608e-19
3.7431e+02	1.0760e-19
3.7442e+02	1.1148e-19
3.7452e+02	1.2140e-19
3.7463e+02	1.1244e-19
3.7473e+02	1.0124e-19
3.7484e+02	8.7984e-20
3.7494e+02	8.8328e-20
3.7505e+02	1.0396e-19
3.7515e+02	1.1570e-19
3.7526e+02	9.4884e-20
3.7536e+02	9.8724e-20
3.7547e+02	9.1396e-20
3.7557e+02	8.7444e-20
3.7567e+02	7.3304e-20
3.7578e+02	5.6728e-20
3.7588e+02	7.7176e-20
3.7599e+02	7.2248e-20
3.7609e+02	9.2824e-20
3.7620e+02	1.0520e-19
3.7630e+02	1.0184e-19
3.7641e+02	9.5512e-20
3.7651e+02	1.0166e-19
3.7662e+02	8.6968e-20
3.7672e+02	8.4020e-20
3.7683e+02	8.3108e-20
3.7693e+02	9.3560e-20
3.7704e+02	1.0169e-19
3.7714e+02	8.8972e-20
3.7724e+02	7.9452e-20
3.7735e+02	7.7860e-20
3.7745e+02	7.4400e-20
3.7756e+02	7.0040e-20
3.7766e+02	6.9688e-20
3.7777e+02	7.4016e-20
3.7787e+02	7.0096e-20
3.7798e+02	6.6204e-20
3.7808e+02	6.7612e-20
3.7819e+02	6.9580e-20
3.7829e+02	6.8508e-20
3.7839e+02	6.8360e-20
3.7850e+02	9.5200e-20
3.7860e+02	6.0080e-20
3.7871e+02	4.6744e-20
3.7881e+02	4.9976e-20
3.7892e+02	4.6836e-20
3.7902e+02	3.4948e-20
3.7913e+02	5.4876e-20
3.7923e+02	2.8396e-20
3.7933e+02	3.1868e-20
3.7944e+02	5.2088e-20
3.7954e+02	6.5016e-20
3.7965e+02	6.3100e-20
3.7975e+02	6.5500e-20
3.7986e+02	5.5996e-20
3.7996e+02	4.8648e-20
3.8006e+02	3.8792e-20
3.8017e+02	3.3216e-20
3.8027e+02	3.5616e-20
3.8038e+02	2.9356e-20
3.8048e+02	2.8476e-20
3.8059e+02	2.6932e-20
3.8069e+02	2.8896e-20
3.8079e+02	3.8464e-20
3.8090e+02	4.6240e-20
3.8100e+02	1.5600e-20
3.8111e+02	3.9536e-20
3.8121e+02	2.9608e-20
3.8132e+02	1.9032e-20
3.8142e+02	1.4664e-20
3.8152e+02	1.2936e-20
3.8163e+02	1.3004e-20
3.8173e+02	2.1084e-20
3.8184e+02	2.5940e-20
3.8194e+02	2.8136e-20
3.8205e+02	2.4560e-20
3.8215e+02	2.0120e-20
3.8225e+02	2.9000e-20
3.8236e+02	1.9232e-20
3.8246e+02	2.7964e-20
3.8257e+02	3.6900e-20
3.8267e+02	3.4692e-20
3.8277e+02	2.5972e-20
3.8288e+02	3.1972e-20
3.8298e+02	3.9412e-20
3.8309e+02	4.2772e-20
3.8319e+02	4.1576e-20
3.8330e+02	3.2960e-20
3.8340e+02	2.5520e-20
3.8350e+02	3.6800e-20
3.8361e+02	2.7648e-20
3.8371e+02	2.9664e-20
3.8382e+02	2.4536e-20
3.8392e+02	2.8948e-20
3.8402e+02	4.2228e-20
3.8413e+02	2.1872e-20
3.8423e+02	2.1312e-20
3.8434e+02	1.5008e-20
3.8444e+02	3.1372e-20
3.8454e+02	4.2652e-20
3.8465e+02	3.0620e-20
3.8475e+02	3.3900e-20
3.8486e+02	2.9940e-20
3.8496e+02	2.6862e-20
3.8506e+02	2.2632e-20
3.8517e+02	1.9478e-20
3.8527e+02	2.2454e-20
3.8538e+02	3.6947e-20
3.8548e+02	3.9328e-20
3.8558e+02	3.5995e-20
3.8569e+02	3.3659e-20
3.8579e+02	3.6099e-20
3.8590e+02	4.0771e-20
3.8600e+02	3.7200e-20
3.8610e+02	2.5594e-20
3.8621e+02	4.0905e-20
3.8631e+02	3.8048e-20
3.8641e+02	2.1085e-20
3.8652e+02	9.1214e-21
3.8662e+02	8.2286e-21
3.8673e+02	1.4121e-20
3.8683e+02	1.4062e-20
3.8693e+02	2.3704e-20
3.8704e+02	3.4328e-20
3.8714e+02	2.8704e-20
3.8724e+02	2.6620e-20
3.8735e+02	1.7484e-20
3.8745e+02	8.7792e-21
3.8756e+02	4.9997e-21
3.8766e+02	1.4017e-20
3.8776e+02	3.3926e-20
3.8787e+02	1.4285e-20
3.8797e+02	1.6502e-20
3.8807e+02	2.3525e-20
3.8818e+02	3.0564e-20
3.8828e+02	2.9105e-20
3.8839e+02	1.7886e-20
3.8849e+02	3.5444e-20
3.8859e+02	2.9700e-20
3.8870e+02	2.5891e-20
3.8880e+02	2.9909e-20
3.8890e+02	3.8539e-20
3.8901e+02	4.2884e-20
3.8911e+02	1.7886e-20
3.8922e+02	1.1874e-20
3.8932e+02	2.1993e-20
3.8942e+02	2.9031e-20
3.8953e+02	2.5162e-20
3.8963e+02	2.0609e-20
3.8973e+02	8.7048e-21
3.8984e+02	1.2216e-20
3.8994e+02	2.1665e-20
3.9004e+02	0.0000e+00
3.9015e+02	0.0000e+00
3.9025e+02	0.0000e+00
3.9035e+02	0.0000e+00
3.9046e+02	0.0000e+00
3.9056e+02	0.0000e+00
3.9066e+02	0.0000e+00
3.9077e+02	0.0000e+00
3.9087e+02	0.0000e+00
3.9098e+02	0.0000e+00
3.9108e+02	0.0000e+00
3.9118e+02	0.0000e+00
3.9129e+02	0.0000e+00
3.9139e+02	0.0000e+00
3.9149e+02	0.0000e+00
3.9160e+02	0.0000e+00
3.9170e+02	0.0000e+00
3.9180e+02	0.0000e+00
3.9191e+02	0.0000e+00
3.9201e+02	0.0000e+00
3.9211e+02	0.0000e+00
3.9222e+02	0.0000e+00
3.9232e+02	0.0000e+00
3.9242e+02	0.0000e+00
3.9253e+02	0.0000e+00
3.9263e+02	0.0000e+00
3.9273e+02	0.0000e+00
3.9284e+02	0.0000e+00
3.9294e+02	0.0000e+00
3.9304e+02	0.0000e+00
3.9315e+02	0.0000e+00
3.9325e+02	0.0000e+00
3.9335e+02	0.0000e+00
3.9346e+02	0.0000e+00
3.9356e+02	0.0000e+00
3.9366e+02	0.0000e+00
3.9377e+02	0.0000e+00
3.9387e+02	0.0000e+00
3.9397e+02	0.0000e+00
3.9408e+02	0.0000e+00
3.9418e+02	0.0000e+00
3.9428e+02	0.0000e+00
3.9439e+02	0.0000e+00
3.9449e+02	0.0000e+00
3.9459e+02	0.0000e+00
3.9469e+02	0.0000e+00
3.9480e+02	0.0000e+00
3.9490e+02	0.0000e+00
3.9500e+02	0.0000e+00
3.9511e+02	0.0000e+00
3.9521e+02	0.0000e+00
3.9531e+02	0.0000e+00
3.9542e+02	0.0000e+00
3.9552e+02	0.0000e+00
3.9562e+02	0.0000e+00
3.9573e+02	0.0000e+00
3.9583e+02	0.0000e+00
3.9593e+02	0.0000e+00
3.9604e+02	0.0000e+00
3.9614e+02	0.0000e+00
3.9624e+02	0.0000e+00
3.9634e+02	0.0000e+00
3.9645e+02	0.0000e+00
3.9655e+02	0.0000e+00
3.9665e+02	0.0000e+00
3.9676e+02	0.0000e+00
3.9686e+02	0.0000e+00
3.9696e+02	0.0000e+00
3.9707e+02	0.0000e+00
3.9717e+02	0.0000e+00
3.9727e+02	0.0000e+00
3.9737e+02	0.0000e+00
3.9748e+02	0.0000e+00
3.9758e+02	0.0000e+00
3.9768e+02	0.0000e+00
3.9779e+02	0.0000e+00
3.9789e+02	0.0000e+00
3.9799e+02	0.0000e+00
3.9810e+02	0.0000e+00
3.9820e+02	0.0000e+00
3.9830e+02	0.0000e+00
3.9840e+02	0.0000e+00
3.9851e+02	0.0000e+00
3.9861e+02	0.0000e+00
3.9871e+02	0.0000e+00
3.9882e+02	0.0000e+00
3.9892e+02	0.0000e+00
3.9902e+02	0.0000e+00
3.9912e+02	0.0000e+00
3.9923e+02	0.0000e+00
3.9933e+02	0.0000e+00
3.9943e+02	0.0000e+00
3.9953e+02	0.0000e+00
3.9964e+02	0.0000e+00
3.9974e+02	0.0000e+00
3.9984e+02	0.0000e+00
3.9995e+02	0.0000e+00
