Wavelength (nm)	Cross section (cm2)
2.1009e+02	4.4212e-18
2.1021e+02	4.3828e-18
2.1032e+02	4.3476e-18
2.1044e+02	4.3092e-18
2.1056e+02	4.2708e-18
2.1068e+02	4.2324e-18
2.1079e+02	4.1972e-18
2.1091e+02	4.1588e-18
2.1103e+02	4.1204e-18
2.1114e+02	4.0852e-18
2.1126e+02	4.0468e-18
2.1138e+02	4.0084e-18
2.1149e+02	3.9732e-18
2.1161e+02	3.9348e-18
2.1173e+02	3.8964e-18
2.1185e+02	3.8580e-18
2.1196e+02	3.8228e-18
2.1208e+02	3.7864e-18
2.1220e+02	3.7510e-18
2.1231e+02	3.7185e-18
2.1243e+02	3.6831e-18
2.1255e+02	3.6477e-18
2.1266e+02	3.6153e-18
2.1278e+02	3.5799e-18
2.1290e+02	3.5445e-18
2.1302e+02	3.5091e-18
2.1313e+02	3.4767e-18
2.1325e+02	3.4412e-18
2.1337e+02	3.4058e-18
2.1348e+02	3.3734e-18
2.1360e+02	3.3380e-18
2.1372e+02	3.3026e-18
2.1383e+02	3.2701e-18
2.1395e+02	3.2348e-18
2.1407e+02	3.2008e-18
2.1418e+02	3.1705e-18
2.1430e+02	3.1375e-18
2.1442e+02	3.1045e-18
2.1453e+02	3.0742e-18
2.1465e+02	3.0412e-18
2.1477e+02	3.0082e-18
2.1488e+02	2.9780e-18
2.1500e+02	2.9450e-18
2.1512e+02	2.9120e-18
2.1524e+02	2.8790e-18
2.1535e+02	2.8488e-18
2.1547e+02	2.8158e-18
2.1559e+02	2.7827e-18
2.1570e+02	2.7525e-18
2.1582e+02	2.7195e-18
2.1594e+02	2.6865e-18
2.1605e+02	2.6582e-18
2.1617e+02	2.6301e-18
2.1629e+02	2.6019e-18
2.1640e+02	2.5760e-18
2.1652e+02	2.5478e-18
2.1664e+02	2.5196e-18
2.1675e+02	2.4937e-18
2.1687e+02	2.4655e-18
2.1699e+02	2.4373e-18
2.1710e+02	2.4115e-18
2.1722e+02	2.3833e-18
2.1734e+02	2.3551e-18
2.1745e+02	2.3293e-18
2.1757e+02	2.3011e-18
2.1769e+02	2.2729e-18
2.1780e+02	2.2470e-18
2.1792e+02	2.2188e-18
2.1803e+02	2.1941e-18
2.1815e+02	2.1707e-18
2.1827e+02	2.1473e-18
2.1838e+02	2.1259e-18
2.1850e+02	2.1025e-18
2.1862e+02	2.0791e-18
2.1873e+02	2.0577e-18
2.1885e+02	2.0343e-18
2.1897e+02	2.0108e-18
2.1908e+02	1.9894e-18
2.1920e+02	1.9660e-18
2.1932e+02	1.9426e-18
2.1943e+02	1.9211e-18
2.1955e+02	1.8977e-18
2.1967e+02	1.8744e-18
2.1978e+02	1.8529e-18
2.1990e+02	1.8295e-18
2.2002e+02	1.8070e-18
2.2013e+02	1.7905e-18
2.2025e+02	1.7725e-18
2.2036e+02	1.7560e-18
2.2048e+02	1.7380e-18
2.2060e+02	1.7200e-18
2.2071e+02	1.7035e-18
2.2083e+02	1.6855e-18
2.2095e+02	1.6675e-18
2.2106e+02	1.6510e-18
2.2118e+02	1.6330e-18
2.2130e+02	1.6150e-18
2.2141e+02	1.5985e-18
2.2153e+02	1.5805e-18
2.2164e+02	1.5640e-18
2.2176e+02	1.5460e-18
2.2188e+02	1.5280e-18
2.2199e+02	1.5115e-18
2.2211e+02	1.4979e-18
2.2223e+02	1.4847e-18
2.2234e+02	1.4726e-18
2.2246e+02	1.4594e-18
2.2257e+02	1.4473e-18
2.2269e+02	1.4341e-18
2.2281e+02	1.4209e-18
2.2292e+02	1.4088e-18
2.2304e+02	1.3956e-18
2.2316e+02	1.3824e-18
2.2327e+02	1.3703e-18
2.2339e+02	1.3571e-18
2.2350e+02	1.3450e-18
2.2362e+02	1.3318e-18
2.2374e+02	1.3186e-18
2.2385e+02	1.3065e-18
2.2397e+02	1.2933e-18
2.2408e+02	1.2836e-18
2.2420e+02	1.2740e-18
2.2432e+02	1.2644e-18
2.2443e+02	1.2556e-18
2.2455e+02	1.2460e-18
2.2466e+02	1.2372e-18
2.2478e+02	1.2276e-18
2.2490e+02	1.2180e-18
2.2501e+02	1.2092e-18
2.2513e+02	1.1996e-18
2.2525e+02	1.1900e-18
2.2536e+02	1.1812e-18
2.2548e+02	1.1716e-18
2.2559e+02	1.1628e-18
2.2571e+02	1.1532e-18
2.2583e+02	1.1436e-18
2.2594e+02	1.1348e-18
2.2606e+02	1.1256e-18
2.2617e+02	1.1176e-18
2.2629e+02	1.1088e-18
2.2641e+02	1.1001e-18
2.2652e+02	1.0920e-18
2.2664e+02	1.0833e-18
2.2675e+02	1.0752e-18
2.2687e+02	1.0665e-18
2.2698e+02	1.0585e-18
2.2710e+02	1.0497e-18
2.2722e+02	1.0409e-18
2.2733e+02	1.0329e-18
2.2745e+02	1.0242e-18
2.2756e+02	1.0161e-18
2.2768e+02	1.0074e-18
2.2780e+02	9.9860e-19
2.2791e+02	9.9057e-19
2.2803e+02	9.8247e-19
2.2814e+02	9.7686e-19
2.2826e+02	9.7074e-19
2.2838e+02	9.6462e-19
2.2849e+02	9.5901e-19
2.2861e+02	9.5289e-19
2.2872e+02	9.4728e-19
2.2884e+02	9.4116e-19
2.2895e+02	9.3555e-19
2.2907e+02	9.2943e-19
2.2919e+02	9.2331e-19
2.2930e+02	9.1770e-19
2.2942e+02	9.1158e-19
2.2953e+02	9.0597e-19
2.2965e+02	8.9985e-19
2.2976e+02	8.9424e-19
2.2988e+02	8.8812e-19
2.3000e+02	8.8200e-19
2.3011e+02	8.7776e-19
2.3023e+02	8.7315e-19
2.3034e+02	8.6891e-19
2.3046e+02	8.6429e-19
2.3057e+02	8.6006e-19
2.3069e+02	8.5544e-19
2.3081e+02	8.5081e-19
2.3092e+02	8.4658e-19
2.3104e+02	8.4196e-19
2.3115e+02	8.3772e-19
2.3127e+02	8.3310e-19
2.3138e+02	8.2887e-19
2.3150e+02	8.2425e-19
2.3161e+02	8.2001e-19
2.3173e+02	8.1540e-19
2.3185e+02	8.1078e-19
2.3196e+02	8.0654e-19
2.3208e+02	8.0240e-19
2.3219e+02	7.9883e-19
2.3231e+02	7.9492e-19
2.3242e+02	7.9135e-19
2.3254e+02	7.8745e-19
2.3265e+02	7.8387e-19
2.3277e+02	7.7997e-19
2.3289e+02	7.7608e-19
2.3300e+02	7.7250e-19
2.3312e+02	7.6860e-19
2.3323e+02	7.6503e-19
2.3335e+02	7.6113e-19
2.3346e+02	7.5755e-19
2.3358e+02	7.5365e-19
2.3369e+02	7.5008e-19
2.3381e+02	7.4617e-19
2.3392e+02	7.4260e-19
2.3404e+02	7.3904e-19
2.3416e+02	7.3616e-19
2.3427e+02	7.3352e-19
2.3439e+02	7.3064e-19
2.3450e+02	7.2800e-19
2.3462e+02	7.2512e-19
2.3473e+02	7.2248e-19
2.3485e+02	7.1960e-19
2.3496e+02	7.1696e-19
2.3508e+02	7.1408e-19
2.3519e+02	7.1144e-19
2.3531e+02	7.0856e-19
2.3542e+02	7.0592e-19
2.3554e+02	7.0304e-19
2.3565e+02	7.0040e-19
2.3577e+02	6.9752e-19
2.3589e+02	6.9464e-19
2.3600e+02	6.9200e-19
2.3612e+02	6.8924e-19
2.3623e+02	6.8671e-19
2.3635e+02	6.8395e-19
2.3646e+02	6.8142e-19
2.3658e+02	6.7866e-19
2.3669e+02	6.7613e-19
2.3681e+02	6.7337e-19
2.3692e+02	6.7084e-19
2.3704e+02	6.6808e-19
2.3715e+02	6.6555e-19
2.3727e+02	6.6279e-19
2.3738e+02	6.6026e-19
2.3750e+02	6.5750e-19
2.3761e+02	6.5497e-19
2.3773e+02	6.5221e-19
2.3784e+02	6.4968e-19
2.3796e+02	6.4692e-19
2.3807e+02	6.4432e-19
2.3819e+02	6.4144e-19
2.3830e+02	6.3880e-19
2.3842e+02	6.3592e-19
2.3853e+02	6.3328e-19
2.3865e+02	6.3040e-19
2.3876e+02	6.2776e-19
2.3888e+02	6.2488e-19
2.3899e+02	6.2224e-19
2.3911e+02	6.1936e-19
2.3922e+02	6.1672e-19
2.3934e+02	6.1384e-19
2.3945e+02	6.1120e-19
2.3957e+02	6.0832e-19
2.3968e+02	6.0568e-19
2.3980e+02	6.0280e-19
2.3991e+02	6.0016e-19
2.4003e+02	5.9700e-19
2.4014e+02	5.9331e-19
2.4026e+02	5.8929e-19
2.4037e+02	5.8560e-19
2.4049e+02	5.8158e-19
2.4060e+02	5.7790e-19
2.4072e+02	5.7388e-19
2.4083e+02	5.7019e-19
2.4095e+02	5.6618e-19
2.4106e+02	5.6249e-19
2.4118e+02	5.5847e-19
2.4129e+02	5.5479e-19
2.4141e+02	5.5077e-19
2.4152e+02	5.4708e-19
2.4164e+02	5.4306e-19
2.4175e+02	5.3937e-19
2.4187e+02	5.3535e-19
2.4198e+02	5.3167e-19
2.4210e+02	5.2910e-19
2.4221e+02	5.2701e-19
2.4233e+02	5.2473e-19
2.4244e+02	5.2264e-19
2.4256e+02	5.2036e-19
2.4267e+02	5.1827e-19
2.4279e+02	5.1599e-19
2.4290e+02	5.1390e-19
2.4302e+02	5.1162e-19
2.4313e+02	5.0953e-19
2.4325e+02	5.0725e-19
2.4336e+02	5.0516e-19
2.4347e+02	5.0307e-19
2.4359e+02	5.0079e-19
2.4370e+02	4.9870e-19
2.4382e+02	4.9642e-19
2.4393e+02	4.9433e-19
2.4405e+02	4.9207e-19
2.4416e+02	4.9004e-19
2.4428e+02	4.8782e-19
2.4439e+02	4.8579e-19
2.4451e+02	4.8357e-19
2.4462e+02	4.8153e-19
2.4474e+02	4.7931e-19
2.4485e+02	4.7728e-19
2.4497e+02	4.7505e-19
2.4508e+02	4.7302e-19
2.4519e+02	4.7099e-19
2.4531e+02	4.6877e-19
2.4542e+02	4.6673e-19
2.4554e+02	4.6451e-19
2.4565e+02	4.6247e-19
2.4577e+02	4.6025e-19
2.4588e+02	4.5822e-19
2.4600e+02	4.5600e-19
2.4611e+02	4.5396e-19
2.4623e+02	4.5175e-19
2.4634e+02	4.4971e-19
2.4645e+02	4.4768e-19
2.4657e+02	4.4546e-19
2.4668e+02	4.4342e-19
2.4680e+02	4.4120e-19
2.4691e+02	4.3917e-19
2.4703e+02	4.3694e-19
2.4714e+02	4.3491e-19
2.4726e+02	4.3269e-19
2.4737e+02	4.3065e-19
2.4749e+02	4.2843e-19
2.4760e+02	4.2640e-19
2.4771e+02	4.2436e-19
2.4783e+02	4.2214e-19
2.4794e+02	4.2011e-19
2.4806e+02	4.1801e-19
2.4817e+02	4.1620e-19
2.4829e+02	4.1422e-19
2.4840e+02	4.1240e-19
2.4851e+02	4.1059e-19
2.4863e+02	4.0861e-19
2.4874e+02	4.0679e-19
2.4886e+02	4.0481e-19
2.4897e+02	4.0300e-19
2.4909e+02	4.0101e-19
2.4920e+02	3.9920e-19
2.4931e+02	3.9738e-19
2.4943e+02	3.9540e-19
2.4954e+02	3.9359e-19
2.4966e+02	3.9161e-19
2.4977e+02	3.8979e-19
2.4989e+02	3.8782e-19
2.5000e+02	3.8600e-19
2.5011e+02	3.8429e-19
2.5023e+02	3.8244e-19
2.5034e+02	3.8073e-19
2.5046e+02	3.7887e-19
2.5057e+02	3.7717e-19
2.5069e+02	3.7531e-19
2.5080e+02	3.7360e-19
2.5091e+02	3.7190e-19
2.5103e+02	3.7003e-19
2.5114e+02	3.6833e-19
2.5126e+02	3.6647e-19
2.5137e+02	3.6476e-19
2.5149e+02	3.6290e-19
2.5160e+02	3.6120e-19
2.5171e+02	3.5949e-19
2.5183e+02	3.5763e-19
2.5194e+02	3.5593e-19
2.5206e+02	3.5413e-19
2.5217e+02	3.5254e-19
2.5228e+02	3.5094e-19
2.5240e+02	3.4920e-19
2.5251e+02	3.4761e-19
2.5263e+02	3.4587e-19
2.5274e+02	3.4427e-19
2.5285e+02	3.4268e-19
2.5297e+02	3.4094e-19
2.5308e+02	3.3934e-19
2.5320e+02	3.3760e-19
2.5331e+02	3.3600e-19
2.5342e+02	3.3441e-19
2.5354e+02	3.3267e-19
2.5365e+02	3.3107e-19
2.5377e+02	3.2933e-19
2.5388e+02	3.2774e-19
2.5399e+02	3.2614e-19
2.5411e+02	3.2451e-19
2.5422e+02	3.2303e-19
2.5434e+02	3.2141e-19
2.5445e+02	3.1993e-19
2.5456e+02	3.1844e-19
2.5468e+02	3.1682e-19
2.5479e+02	3.1534e-19
2.5491e+02	3.1372e-19
2.5502e+02	3.1223e-19
2.5513e+02	3.1075e-19
2.5525e+02	3.0912e-19
2.5536e+02	3.0764e-19
2.5547e+02	3.0616e-19
2.5559e+02	3.0453e-19
2.5570e+02	3.0305e-19
2.5582e+02	3.0143e-19
2.5593e+02	2.9994e-19
2.5604e+02	2.9852e-19
2.5616e+02	2.9708e-19
2.5627e+02	2.9576e-19
2.5639e+02	2.9432e-19
2.5650e+02	2.9300e-19
2.5661e+02	2.9168e-19
2.5673e+02	2.9024e-19
2.5684e+02	2.8892e-19
2.5695e+02	2.8760e-19
2.5707e+02	2.8616e-19
2.5718e+02	2.8484e-19
2.5730e+02	2.8340e-19
2.5741e+02	2.8208e-19
2.5752e+02	2.8076e-19
2.5764e+02	2.7932e-19
2.5775e+02	2.7800e-19
2.5786e+02	2.7668e-19
2.5798e+02	2.7524e-19
2.5809e+02	2.7397e-19
2.5820e+02	2.7270e-19
2.5832e+02	2.7132e-19
2.5843e+02	2.7005e-19
2.5855e+02	2.6867e-19
2.5866e+02	2.6741e-19
2.5877e+02	2.6615e-19
2.5889e+02	2.6477e-19
2.5900e+02	2.6350e-19
2.5911e+02	2.6223e-19
2.5923e+02	2.6085e-19
2.5934e+02	2.5959e-19
2.5945e+02	2.5833e-19
2.5957e+02	2.5695e-19
2.5968e+02	2.5568e-19
2.5980e+02	2.5430e-19
2.5991e+02	2.5303e-19
2.6002e+02	2.5179e-19
2.6014e+02	2.5053e-19
2.6025e+02	2.4937e-19
2.6036e+02	2.4822e-19
2.6048e+02	2.4696e-19
2.6059e+02	2.4581e-19
2.6070e+02	2.4465e-19
2.6082e+02	2.4339e-19
2.6093e+02	2.4223e-19
2.6104e+02	2.4108e-19
2.6116e+02	2.3982e-19
2.6127e+02	2.3867e-19
2.6138e+02	2.3751e-19
2.6150e+02	2.3625e-19
2.6161e+02	2.3509e-19
2.6172e+02	2.3394e-19
2.6184e+02	2.3268e-19
2.6195e+02	2.3153e-19
2.6206e+02	2.3040e-19
2.6218e+02	2.2920e-19
2.6229e+02	2.2810e-19
2.6240e+02	2.2700e-19
2.6252e+02	2.2580e-19
2.6263e+02	2.2470e-19
2.6274e+02	2.2360e-19
2.6286e+02	2.2240e-19
2.6297e+02	2.2130e-19
2.6308e+02	2.2020e-19
2.6320e+02	2.1900e-19
2.6331e+02	2.1790e-19
2.6342e+02	2.1680e-19
2.6354e+02	2.1560e-19
2.6365e+02	2.1450e-19
2.6376e+02	2.1340e-19
2.6388e+02	2.1220e-19
2.6399e+02	2.1110e-19
2.6410e+02	2.1015e-19
2.6422e+02	2.0913e-19
2.6433e+02	2.0820e-19
2.6444e+02	2.0726e-19
2.6456e+02	2.0624e-19
2.6467e+02	2.0530e-19
2.6478e+02	2.0437e-19
2.6490e+02	2.0335e-19
2.6501e+02	2.0242e-19
2.6512e+02	2.0148e-19
2.6524e+02	2.0046e-19
2.6535e+02	1.9952e-19
2.6546e+02	1.9859e-19
2.6557e+02	1.9766e-19
2.6569e+02	1.9664e-19
2.6580e+02	1.9570e-19
2.6591e+02	1.9476e-19
2.6603e+02	1.9376e-19
2.6614e+02	1.9288e-19
2.6625e+02	1.9200e-19
2.6637e+02	1.9104e-19
2.6648e+02	1.9016e-19
2.6659e+02	1.8928e-19
2.6671e+02	1.8832e-19
2.6682e+02	1.8744e-19
2.6693e+02	1.8656e-19
2.6704e+02	1.8568e-19
2.6716e+02	1.8472e-19
2.6727e+02	1.8384e-19
2.6738e+02	1.8296e-19
2.6750e+02	1.8200e-19
2.6761e+02	1.8112e-19
2.6772e+02	1.8024e-19
2.6783e+02	1.7936e-19
2.6795e+02	1.7840e-19
2.6806e+02	1.7752e-19
2.6817e+02	1.7664e-19
2.6829e+02	1.7568e-19
2.6840e+02	1.7480e-19
2.6851e+02	1.7392e-19
2.6863e+02	1.7296e-19
2.6874e+02	1.7208e-19
2.6885e+02	1.7120e-19
2.6896e+02	1.7032e-19
2.6908e+02	1.6936e-19
2.6919e+02	1.6848e-19
2.6930e+02	1.6760e-19
2.6942e+02	1.6664e-19
2.6953e+02	1.6576e-19
2.6964e+02	1.6488e-19
2.6975e+02	1.6400e-19
2.6987e+02	1.6304e-19
2.6998e+02	1.6216e-19
2.7009e+02	1.6142e-19
2.7020e+02	1.6070e-19
2.7032e+02	1.5992e-19
2.7043e+02	1.5920e-19
2.7054e+02	1.5849e-19
2.7066e+02	1.5771e-19
2.7077e+02	1.5700e-19
2.7088e+02	1.5628e-19
2.7099e+02	1.5556e-19
2.7111e+02	1.5478e-19
2.7122e+02	1.5407e-19
2.7133e+02	1.5336e-19
2.7144e+02	1.5264e-19
2.7156e+02	1.5186e-19
2.7167e+02	1.5114e-19
2.7178e+02	1.5043e-19
2.7190e+02	1.4965e-19
2.7201e+02	1.4894e-19
2.7212e+02	1.4828e-19
2.7223e+02	1.4762e-19
2.7235e+02	1.4690e-19
2.7246e+02	1.4624e-19
2.7257e+02	1.4558e-19
2.7268e+02	1.4492e-19
2.7280e+02	1.4420e-19
2.7291e+02	1.4354e-19
2.7302e+02	1.4288e-19
2.7313e+02	1.4222e-19
2.7325e+02	1.4150e-19
2.7336e+02	1.4084e-19
2.7347e+02	1.4018e-19
2.7358e+02	1.3952e-19
2.7370e+02	1.3880e-19
2.7381e+02	1.3814e-19
2.7392e+02	1.3748e-19
2.7403e+02	1.3681e-19
2.7415e+02	1.3603e-19
2.7426e+02	1.3531e-19
2.7437e+02	1.3459e-19
2.7448e+02	1.3388e-19
2.7460e+02	1.3310e-19
2.7471e+02	1.3239e-19
2.7482e+02	1.3167e-19
2.7493e+02	1.3095e-19
2.7505e+02	1.3017e-19
2.7516e+02	1.2946e-19
2.7527e+02	1.2875e-19
2.7538e+02	1.2803e-19
2.7550e+02	1.2725e-19
2.7561e+02	1.2653e-19
2.7572e+02	1.2582e-19
2.7583e+02	1.2511e-19
2.7595e+02	1.2433e-19
2.7606e+02	1.2370e-19
2.7617e+02	1.2315e-19
2.7628e+02	1.2260e-19
2.7639e+02	1.2205e-19
2.7651e+02	1.2145e-19
2.7662e+02	1.2090e-19
2.7673e+02	1.2035e-19
2.7684e+02	1.1980e-19
2.7696e+02	1.1920e-19
2.7707e+02	1.1865e-19
2.7718e+02	1.1810e-19
2.7729e+02	1.1755e-19
2.7740e+02	1.1700e-19
2.7752e+02	1.1640e-19
2.7763e+02	1.1585e-19
2.7774e+02	1.1530e-19
2.7785e+02	1.1475e-19
2.7797e+02	1.1415e-19
2.7808e+02	1.1364e-19
2.7819e+02	1.1315e-19
2.7830e+02	1.1265e-19
2.7841e+02	1.1215e-19
2.7853e+02	1.1162e-19
2.7864e+02	1.1112e-19
2.7875e+02	1.1062e-19
2.7886e+02	1.1013e-19
2.7898e+02	1.0959e-19
2.7909e+02	1.0910e-19
2.7920e+02	1.0860e-19
2.7931e+02	1.0810e-19
2.7942e+02	1.0761e-19
2.7954e+02	1.0707e-19
2.7965e+02	1.0658e-19
2.7976e+02	1.0608e-19
2.7987e+02	1.0558e-19
2.7998e+02	1.0509e-19
2.8010e+02	1.0454e-19
2.8021e+02	1.0404e-19
2.8032e+02	1.0354e-19
2.8043e+02	1.0304e-19
2.8054e+02	1.0254e-19
2.8066e+02	1.0200e-19
2.8077e+02	1.0150e-19
2.8088e+02	1.0100e-19
2.8099e+02	1.0050e-19
2.8110e+02	9.9995e-20
2.8122e+02	9.9449e-20
2.8133e+02	9.8949e-20
2.8144e+02	9.8448e-20
2.8155e+02	9.7947e-20
2.8166e+02	9.7447e-20
2.8178e+02	9.6901e-20
2.8189e+02	9.6401e-20
2.8200e+02	9.5900e-20
2.8211e+02	9.5432e-20
2.8222e+02	9.4965e-20
2.8234e+02	9.4455e-20
2.8245e+02	9.3988e-20
2.8256e+02	9.3520e-20
2.8267e+02	9.3052e-20
2.8278e+02	9.2585e-20
2.8289e+02	9.2118e-20
2.8301e+02	9.1608e-20
2.8312e+02	9.1140e-20
2.8323e+02	9.0672e-20
2.8334e+02	9.0205e-20
2.8345e+02	8.9738e-20
2.8357e+02	8.9228e-20
2.8368e+02	8.8760e-20
2.8379e+02	8.8292e-20
2.8390e+02	8.7825e-20
2.8401e+02	8.7360e-20
2.8412e+02	8.6920e-20
2.8424e+02	8.6440e-20
2.8435e+02	8.6000e-20
2.8446e+02	8.5560e-20
2.8457e+02	8.5120e-20
2.8468e+02	8.4680e-20
2.8479e+02	8.4240e-20
2.8491e+02	8.3760e-20
2.8502e+02	8.3320e-20
2.8513e+02	8.2880e-20
2.8524e+02	8.2440e-20
2.8535e+02	8.2000e-20
2.8546e+02	8.1560e-20
2.8558e+02	8.1080e-20
2.8569e+02	8.0640e-20
2.8580e+02	8.0200e-20
2.8591e+02	7.9760e-20
2.8602e+02	7.9326e-20
2.8613e+02	7.8919e-20
2.8625e+02	7.8475e-20
2.8636e+02	7.8068e-20
2.8647e+02	7.7661e-20
2.8658e+02	7.7254e-20
2.8669e+02	7.6847e-20
2.8680e+02	7.6440e-20
2.8691e+02	7.6033e-20
2.8703e+02	7.5589e-20
2.8714e+02	7.5182e-20
2.8725e+02	7.4775e-20
2.8736e+02	7.4368e-20
2.8747e+02	7.3961e-20
2.8758e+02	7.3554e-20
2.8770e+02	7.3110e-20
2.8781e+02	7.2703e-20
2.8792e+02	7.2296e-20
2.8803e+02	7.1898e-20
2.8814e+02	7.1524e-20
2.8825e+02	7.1150e-20
2.8836e+02	7.0776e-20
2.8848e+02	7.0368e-20
2.8859e+02	6.9994e-20
2.8870e+02	6.9620e-20
2.8881e+02	6.9246e-20
2.8892e+02	6.8872e-20
2.8903e+02	6.8498e-20
2.8914e+02	6.8124e-20
2.8925e+02	6.7750e-20
2.8937e+02	6.7342e-20
2.8948e+02	6.6968e-20
2.8959e+02	6.6594e-20
2.8970e+02	6.6220e-20
2.8981e+02	6.5846e-20
2.8992e+02	6.5472e-20
2.9003e+02	6.5104e-20
2.9015e+02	6.4720e-20
2.9026e+02	6.4368e-20
2.9037e+02	6.4016e-20
2.9048e+02	6.3664e-20
2.9059e+02	6.3312e-20
2.9070e+02	6.2960e-20
2.9081e+02	6.2608e-20
2.9092e+02	6.2256e-20
2.9104e+02	6.1872e-20
2.9115e+02	6.1520e-20
2.9126e+02	6.1168e-20
2.9137e+02	6.0816e-20
2.9148e+02	6.0464e-20
2.9159e+02	6.0112e-20
2.9170e+02	5.9760e-20
2.9181e+02	5.9408e-20
2.9192e+02	5.9056e-20
2.9204e+02	5.8682e-20
2.9215e+02	5.8358e-20
2.9226e+02	5.8033e-20
2.9237e+02	5.7708e-20
2.9248e+02	5.7384e-20
2.9259e+02	5.7060e-20
2.9270e+02	5.6735e-20
2.9281e+02	5.6410e-20
2.9293e+02	5.6056e-20
2.9304e+02	5.5732e-20
2.9315e+02	5.5408e-20
2.9326e+02	5.5083e-20
2.9337e+02	5.4758e-20
2.9348e+02	5.4434e-20
2.9359e+02	5.4110e-20
2.9370e+02	5.3785e-20
2.9381e+02	5.3460e-20
2.9392e+02	5.3136e-20
2.9404e+02	5.2792e-20
2.9415e+02	5.2495e-20
2.9426e+02	5.2198e-20
2.9437e+02	5.1901e-20
2.9448e+02	5.1604e-20
2.9459e+02	5.1307e-20
2.9470e+02	5.1010e-20
2.9481e+02	5.0713e-20
2.9492e+02	5.0416e-20
2.9503e+02	5.0119e-20
2.9514e+02	4.9822e-20
2.9526e+02	4.9498e-20
2.9537e+02	4.9201e-20
2.9548e+02	4.8904e-20
2.9559e+02	4.8607e-20
2.9570e+02	4.8310e-20
2.9581e+02	4.8013e-20
2.9592e+02	4.7716e-20
2.9603e+02	4.7427e-20
2.9614e+02	4.7157e-20
2.9625e+02	4.6887e-20
2.9636e+02	4.6618e-20
2.9648e+02	4.6324e-20
2.9659e+02	4.6055e-20
2.9670e+02	4.5785e-20
2.9681e+02	4.5515e-20
2.9692e+02	4.5246e-20
2.9703e+02	4.4977e-20
2.9714e+02	4.4707e-20
2.9725e+02	4.4438e-20
2.9736e+02	4.4168e-20
2.9747e+02	4.3898e-20
2.9758e+02	4.3629e-20
2.9769e+02	4.3360e-20
2.9780e+02	4.3090e-20
2.9792e+02	4.2796e-20
2.9803e+02	4.2533e-20
2.9814e+02	4.2285e-20
2.9825e+02	4.2037e-20
2.9836e+02	4.1790e-20
2.9847e+02	4.1542e-20
2.9858e+02	4.1295e-20
2.9869e+02	4.1048e-20
2.9880e+02	4.0800e-20
2.9891e+02	4.0552e-20
2.9902e+02	4.0305e-20
2.9913e+02	4.0058e-20
2.9924e+02	3.9810e-20
2.9935e+02	3.9562e-20
2.9946e+02	3.9315e-20
2.9957e+02	3.9068e-20
2.9969e+02	3.8798e-20
2.9980e+02	3.8550e-20
2.9991e+02	3.8302e-20
3.0002e+02	3.8059e-20
3.0013e+02	3.7834e-20
3.0024e+02	3.7608e-20
3.0035e+02	3.7382e-20
3.0046e+02	3.7157e-20
3.0057e+02	3.6932e-20
3.0068e+02	3.6706e-20
3.0079e+02	3.6480e-20
3.0090e+02	3.6255e-20
3.0101e+02	3.6030e-20
3.0112e+02	3.5804e-20
3.0123e+02	3.5578e-20
3.0134e+02	3.5353e-20
3.0145e+02	3.5128e-20
3.0156e+02	3.4902e-20
3.0167e+02	3.4676e-20
3.0178e+02	3.4451e-20
3.0190e+02	3.4205e-20
3.0201e+02	3.3982e-20
3.0212e+02	3.3778e-20
3.0223e+02	3.3574e-20
3.0234e+02	3.3371e-20
3.0245e+02	3.3168e-20
3.0256e+02	3.2964e-20
3.0267e+02	3.2760e-20
3.0278e+02	3.2557e-20
3.0289e+02	3.2354e-20
3.0300e+02	3.2150e-20
3.0311e+02	3.1946e-20
3.0322e+02	3.1743e-20
3.0333e+02	3.1540e-20
3.0344e+02	3.1336e-20
3.0355e+02	3.1132e-20
3.0366e+02	3.0929e-20
3.0377e+02	3.0726e-20
3.0388e+02	3.0522e-20
3.0399e+02	3.0318e-20
3.0410e+02	3.0135e-20
3.0421e+02	2.9954e-20
3.0432e+02	2.9772e-20
3.0443e+02	2.9590e-20
3.0454e+02	2.9409e-20
3.0465e+02	2.9228e-20
3.0476e+02	2.9046e-20
3.0487e+02	2.8864e-20
3.0498e+02	2.8683e-20
3.0509e+02	2.8502e-20
3.0520e+02	2.8320e-20
3.0531e+02	2.8138e-20
3.0542e+02	2.7957e-20
3.0553e+02	2.7776e-20
3.0564e+02	2.7594e-20
3.0575e+02	2.7413e-20
3.0586e+02	2.7231e-20
3.0597e+02	2.7049e-20
3.0608e+02	2.6880e-20
3.0619e+02	2.6715e-20
3.0630e+02	2.6550e-20
3.0641e+02	2.6385e-20
3.0652e+02	2.6220e-20
3.0663e+02	2.6055e-20
3.0674e+02	2.5890e-20
3.0685e+02	2.5725e-20
3.0696e+02	2.5560e-20
3.0707e+02	2.5395e-20
3.0718e+02	2.5230e-20
3.0729e+02	2.5065e-20
3.0740e+02	2.4900e-20
3.0751e+02	2.4735e-20
3.0762e+02	2.4570e-20
3.0773e+02	2.4405e-20
3.0784e+02	2.4240e-20
3.0795e+02	2.4075e-20
3.0806e+02	2.3919e-20
3.0817e+02	2.3770e-20
3.0828e+02	2.3622e-20
3.0839e+02	2.3474e-20
3.0850e+02	2.3325e-20
3.0861e+02	2.3176e-20
3.0872e+02	2.3028e-20
3.0883e+02	2.2880e-20
3.0894e+02	2.2731e-20
3.0905e+02	2.2582e-20
3.0916e+02	2.2434e-20
3.0927e+02	2.2286e-20
3.0938e+02	2.2137e-20
3.0949e+02	2.1988e-20
3.0960e+02	2.1840e-20
3.0971e+02	2.1692e-20
3.0982e+02	2.1543e-20
3.0993e+02	2.1394e-20
3.1004e+02	2.1254e-20
3.1015e+02	2.1128e-20
3.1026e+02	2.1001e-20
3.1037e+02	2.0874e-20
3.1048e+02	2.0748e-20
3.1059e+02	2.0622e-20
3.1070e+02	2.0495e-20
3.1081e+02	2.0368e-20
3.1092e+02	2.0242e-20
3.1103e+02	2.0116e-20
3.1114e+02	1.9989e-20
3.1125e+02	1.9863e-20
3.1136e+02	1.9736e-20
3.1147e+02	1.9609e-20
3.1158e+02	1.9483e-20
3.1169e+02	1.9357e-20
3.1180e+02	1.9230e-20
3.1191e+02	1.9103e-20
3.1202e+02	1.8978e-20
3.1213e+02	1.8857e-20
3.1224e+02	1.8736e-20
3.1235e+02	1.8615e-20
3.1246e+02	1.8494e-20
3.1257e+02	1.8373e-20
3.1267e+02	1.8263e-20
3.1278e+02	1.8142e-20
3.1289e+02	1.8021e-20
3.1300e+02	1.7900e-20
3.1311e+02	1.7779e-20
3.1322e+02	1.7658e-20
3.1333e+02	1.7537e-20
3.1344e+02	1.7416e-20
3.1355e+02	1.7295e-20
3.1366e+02	1.7174e-20
3.1377e+02	1.7053e-20
3.1388e+02	1.6932e-20
3.1399e+02	1.6811e-20
3.1410e+02	1.6705e-20
3.1421e+02	1.6601e-20
3.1432e+02	1.6496e-20
3.1443e+02	1.6391e-20
3.1454e+02	1.6287e-20
3.1465e+02	1.6183e-20
3.1476e+02	1.6078e-20
3.1486e+02	1.5983e-20
3.1497e+02	1.5878e-20
3.1508e+02	1.5774e-20
3.1519e+02	1.5670e-20
3.1530e+02	1.5565e-20
3.1541e+02	1.5460e-20
3.1552e+02	1.5356e-20
3.1563e+02	1.5252e-20
3.1574e+02	1.5147e-20
3.1585e+02	1.5042e-20
3.1596e+02	1.4938e-20
3.1607e+02	1.4844e-20
3.1618e+02	1.4756e-20
3.1629e+02	1.4668e-20
3.1640e+02	1.4580e-20
3.1651e+02	1.4492e-20
3.1661e+02	1.4412e-20
3.1672e+02	1.4324e-20
3.1683e+02	1.4236e-20
3.1694e+02	1.4148e-20
3.1705e+02	1.4060e-20
3.1716e+02	1.3972e-20
3.1727e+02	1.3884e-20
3.1738e+02	1.3796e-20
3.1749e+02	1.3708e-20
3.1760e+02	1.3620e-20
3.1771e+02	1.3532e-20
3.1782e+02	1.3444e-20
3.1793e+02	1.3356e-20
3.1803e+02	1.3278e-20
3.1814e+02	1.3195e-20
3.1825e+02	1.3113e-20
3.1836e+02	1.3030e-20
3.1847e+02	1.2947e-20
3.1858e+02	1.2865e-20
3.1869e+02	1.2783e-20
3.1880e+02	1.2700e-20
3.1891e+02	1.2617e-20
3.1902e+02	1.2535e-20
3.1913e+02	1.2453e-20
3.1924e+02	1.2370e-20
3.1934e+02	1.2295e-20
3.1945e+02	1.2213e-20
3.1956e+02	1.2130e-20
3.1967e+02	1.2047e-20
3.1978e+02	1.1965e-20
3.1989e+02	1.1883e-20
3.2000e+02	1.1800e-20
3.2011e+02	1.1728e-20
3.2022e+02	1.1657e-20
3.2033e+02	1.1586e-20
3.2043e+02	1.1520e-20
3.2054e+02	1.1449e-20
3.2065e+02	1.1378e-20
3.2076e+02	1.1306e-20
3.2087e+02	1.1234e-20
3.2098e+02	1.1163e-20
3.2109e+02	1.1092e-20
3.2120e+02	1.1020e-20
3.2131e+02	1.0948e-20
3.2142e+02	1.0877e-20
3.2152e+02	1.0812e-20
3.2163e+02	1.0741e-20
3.2174e+02	1.0669e-20
3.2185e+02	1.0597e-20
3.2196e+02	1.0526e-20
3.2207e+02	1.0458e-20
3.2218e+02	1.0392e-20
3.2229e+02	1.0326e-20
3.2240e+02	1.0260e-20
3.2250e+02	1.0200e-20
3.2261e+02	1.0134e-20
3.2272e+02	1.0068e-20
3.2283e+02	1.0002e-20
3.2294e+02	9.9360e-21
3.2305e+02	9.8700e-21
3.2316e+02	9.8040e-21
3.2327e+02	9.7380e-21
3.2337e+02	9.6780e-21
3.2348e+02	9.6120e-21
3.2359e+02	9.5460e-21
3.2370e+02	9.4800e-21
3.2381e+02	9.4140e-21
3.2392e+02	9.3480e-21
3.2403e+02	9.2844e-21
3.2414e+02	9.2272e-21
3.2424e+02	9.1752e-21
3.2435e+02	9.1180e-21
3.2446e+02	9.0608e-21
3.2457e+02	9.0036e-21
3.2468e+02	8.9464e-21
3.2479e+02	8.8892e-21
3.2490e+02	8.8320e-21
3.2501e+02	8.7748e-21
3.2511e+02	8.7228e-21
3.2522e+02	8.6656e-21
3.2533e+02	8.6084e-21
3.2544e+02	8.5512e-21
3.2555e+02	8.4940e-21
3.2566e+02	8.4368e-21
3.2577e+02	8.3796e-21
3.2587e+02	8.3276e-21
3.2598e+02	8.2704e-21
3.2609e+02	8.2191e-21
3.2620e+02	8.1690e-21
3.2631e+02	8.1189e-21
3.2642e+02	8.0689e-21
3.2653e+02	8.0189e-21
3.2663e+02	7.9734e-21
3.2674e+02	7.9233e-21
3.2685e+02	7.8732e-21
3.2696e+02	7.8232e-21
3.2707e+02	7.7732e-21
3.2718e+02	7.7231e-21
3.2728e+02	7.6776e-21
3.2739e+02	7.6276e-21
3.2750e+02	7.5775e-21
3.2761e+02	7.5274e-21
3.2772e+02	7.4774e-21
3.2783e+02	7.4274e-21
3.2794e+02	7.3773e-21
3.2804e+02	7.3338e-21
3.2815e+02	7.2893e-21
3.2826e+02	7.2447e-21
3.2837e+02	7.2001e-21
3.2848e+02	7.1556e-21
3.2859e+02	7.1111e-21
3.2869e+02	7.0706e-21
3.2880e+02	7.0260e-21
3.2891e+02	6.9814e-21
3.2902e+02	6.9369e-21
3.2913e+02	6.8924e-21
3.2924e+02	6.8478e-21
3.2934e+02	6.8073e-21
3.2945e+02	6.7628e-21
3.2956e+02	6.7182e-21
3.2967e+02	6.6736e-21
3.2978e+02	6.6291e-21
3.2989e+02	6.5846e-21
3.2999e+02	6.5440e-21
3.3010e+02	6.5040e-21
3.3021e+02	6.4644e-21
3.3032e+02	6.4248e-21
3.3043e+02	6.3852e-21
3.3054e+02	6.3456e-21
3.3064e+02	6.3096e-21
3.3075e+02	6.2700e-21
3.3086e+02	6.2304e-21
3.3097e+02	6.1908e-21
3.3108e+02	6.1512e-21
3.3118e+02	6.1152e-21
3.3129e+02	6.0756e-21
3.3140e+02	6.0360e-21
3.3151e+02	5.9964e-21
3.3162e+02	5.9568e-21
3.3173e+02	5.9172e-21
3.3183e+02	5.8812e-21
3.3194e+02	5.8416e-21
3.3205e+02	5.8040e-21
3.3216e+02	5.7688e-21
3.3227e+02	5.7336e-21
3.3237e+02	5.7016e-21
3.3248e+02	5.6664e-21
3.3259e+02	5.6312e-21
3.3270e+02	5.5960e-21
3.3281e+02	5.5608e-21
3.3291e+02	5.5288e-21
3.3302e+02	5.4936e-21
3.3313e+02	5.4584e-21
3.3324e+02	5.4232e-21
3.3335e+02	5.3880e-21
3.3345e+02	5.3560e-21
3.3356e+02	5.3208e-21
3.3367e+02	5.2856e-21
3.3378e+02	5.2504e-21
3.3389e+02	5.2152e-21
3.3399e+02	5.1832e-21
3.3410e+02	5.1520e-21
3.3421e+02	5.1212e-21
3.3432e+02	5.0904e-21
3.3443e+02	5.0596e-21
3.3453e+02	5.0316e-21
3.3464e+02	5.0008e-21
3.3475e+02	4.9700e-21
3.3486e+02	4.9392e-21
3.3497e+02	4.9084e-21
3.3507e+02	4.8804e-21
3.3518e+02	4.8496e-21
3.3529e+02	4.8188e-21
3.3540e+02	4.7880e-21
3.3550e+02	4.7600e-21
3.3561e+02	4.7292e-21
3.3572e+02	4.6984e-21
3.3583e+02	4.6676e-21
3.3594e+02	4.6368e-21
3.3604e+02	4.6100e-21
3.3615e+02	4.5825e-21
3.3626e+02	4.5550e-21
3.3637e+02	4.5275e-21
3.3648e+02	4.5000e-21
3.3658e+02	4.4750e-21
3.3669e+02	4.4475e-21
3.3680e+02	4.4200e-21
3.3691e+02	4.3925e-21
3.3701e+02	4.3675e-21
3.3712e+02	4.3400e-21
3.3723e+02	4.3125e-21
3.3734e+02	4.2850e-21
3.3744e+02	4.2600e-21
3.3755e+02	4.2325e-21
3.3766e+02	4.2050e-21
3.3777e+02	4.1775e-21
3.3788e+02	4.1500e-21
3.3798e+02	4.1250e-21
3.3809e+02	4.1002e-21
3.3820e+02	4.0760e-21
3.3831e+02	4.0518e-21
3.3841e+02	4.0298e-21
3.3852e+02	4.0056e-21
3.3863e+02	3.9814e-21
3.3874e+02	3.9572e-21
3.3884e+02	3.9352e-21
3.3895e+02	3.9110e-21
3.3906e+02	3.8868e-21
3.3917e+02	3.8626e-21
3.3927e+02	3.8406e-21
3.3938e+02	3.8164e-21
3.3949e+02	3.7922e-21
3.3960e+02	3.7680e-21
3.3970e+02	3.7460e-21
3.3981e+02	3.7218e-21
3.3992e+02	3.6976e-21
3.4003e+02	3.6740e-21
3.4013e+02	3.6540e-21
3.4024e+02	3.6320e-21
3.4035e+02	3.6100e-21
3.4046e+02	3.5880e-21
3.4056e+02	3.5680e-21
3.4067e+02	3.5460e-21
3.4078e+02	3.5240e-21
3.4089e+02	3.5020e-21
3.4099e+02	3.4820e-21
3.4110e+02	3.4600e-21
3.4121e+02	3.4380e-21
3.4132e+02	3.4160e-21
3.4142e+02	3.3960e-21
3.4153e+02	3.3740e-21
3.4164e+02	3.3520e-21
3.4175e+02	3.3300e-21
3.4185e+02	3.3100e-21
3.4196e+02	3.2880e-21
3.4207e+02	3.2678e-21
3.4218e+02	3.2485e-21
3.4228e+02	3.2310e-21
3.4239e+02	3.2118e-21
3.4250e+02	3.1925e-21
3.4260e+02	3.1750e-21
3.4271e+02	3.1558e-21
3.4282e+02	3.1365e-21
3.4293e+02	3.1172e-21
3.4303e+02	3.0998e-21
3.4314e+02	3.0805e-21
3.4325e+02	3.0612e-21
3.4336e+02	3.0420e-21
3.4346e+02	3.0245e-21
3.4357e+02	3.0053e-21
3.4368e+02	2.9860e-21
3.4378e+02	2.9685e-21
3.4389e+02	2.9493e-21
3.4400e+02	2.9300e-21
3.4411e+02	2.9129e-21
3.4421e+02	2.8975e-21
3.4432e+02	2.8804e-21
3.4443e+02	2.8633e-21
3.4453e+02	2.8479e-21
3.4464e+02	2.8308e-21
3.4475e+02	2.8137e-21
3.4486e+02	2.7967e-21
3.4496e+02	2.7812e-21
3.4507e+02	2.7642e-21
3.4518e+02	2.7471e-21
3.4528e+02	2.7316e-21
3.4539e+02	2.7146e-21
3.4550e+02	2.6975e-21
3.4561e+02	2.6804e-21
3.4571e+02	2.6650e-21
3.4582e+02	2.6479e-21
3.4593e+02	2.6308e-21
3.4603e+02	2.6158e-21
3.4614e+02	2.6004e-21
3.4625e+02	2.5850e-21
3.4635e+02	2.5710e-21
3.4646e+02	2.5556e-21
3.4657e+02	2.5402e-21
3.4668e+02	2.5248e-21
3.4678e+02	2.5108e-21
3.4689e+02	2.4954e-21
3.4700e+02	2.4800e-21
3.4710e+02	2.4660e-21
3.4721e+02	2.4506e-21
3.4732e+02	2.4352e-21
3.4742e+02	2.4212e-21
3.4753e+02	2.4058e-21
3.4764e+02	2.3904e-21
3.4774e+02	2.3764e-21
3.4785e+02	2.3610e-21
3.4796e+02	2.3456e-21
3.4807e+02	2.3316e-21
3.4817e+02	2.3196e-21
3.4828e+02	2.3064e-21
3.4839e+02	2.2932e-21
3.4849e+02	2.2812e-21
3.4860e+02	2.2680e-21
3.4871e+02	2.2548e-21
3.4881e+02	2.2428e-21
3.4892e+02	2.2296e-21
3.4903e+02	2.2164e-21
3.4913e+02	2.2044e-21
3.4924e+02	2.1912e-21
3.4935e+02	2.1780e-21
3.4945e+02	2.1660e-21
3.4956e+02	2.1528e-21
3.4967e+02	2.1396e-21
3.4977e+02	2.1276e-21
3.4988e+02	2.1144e-21
3.4999e+02	2.1012e-21
3.5009e+02	2.0901e-21
3.5020e+02	2.0780e-21
3.5031e+02	2.0659e-21
3.5041e+02	2.0549e-21
3.5052e+02	2.0428e-21
3.5063e+02	2.0307e-21
3.5073e+02	2.0197e-21
3.5084e+02	2.0076e-21
3.5095e+02	1.9955e-21
3.5105e+02	1.9845e-21
3.5116e+02	1.9724e-21
3.5127e+02	1.9603e-21
3.5137e+02	1.9493e-21
3.5148e+02	1.9372e-21
3.5159e+02	1.9251e-21
3.5169e+02	1.9141e-21
3.5180e+02	1.9020e-21
3.5191e+02	1.8899e-21
3.5201e+02	1.8790e-21
3.5212e+02	1.8674e-21
3.5223e+02	1.8558e-21
3.5233e+02	1.8454e-21
3.5244e+02	1.8338e-21
3.5255e+02	1.8222e-21
3.5265e+02	1.8118e-21
3.5276e+02	1.8002e-21
3.5287e+02	1.7886e-21
3.5297e+02	1.7781e-21
3.5308e+02	1.7666e-21
3.5319e+02	1.7551e-21
3.5329e+02	1.7445e-21
3.5340e+02	1.7330e-21
3.5350e+02	1.7225e-21
3.5361e+02	1.7109e-21
3.5372e+02	1.6994e-21
3.5382e+02	1.6889e-21
3.5393e+02	1.6773e-21
3.5404e+02	1.6664e-21
3.5414e+02	1.6574e-21
3.5425e+02	1.6475e-21
3.5436e+02	1.6376e-21
3.5446e+02	1.6286e-21
3.5457e+02	1.6187e-21
3.5468e+02	1.6088e-21
3.5478e+02	1.5998e-21
3.5489e+02	1.5899e-21
3.5499e+02	1.5809e-21
3.5510e+02	1.5710e-21
3.5521e+02	1.5611e-21
3.5531e+02	1.5521e-21
3.5542e+02	1.5422e-21
3.5553e+02	1.5323e-21
3.5563e+02	1.5233e-21
3.5574e+02	1.5134e-21
3.5584e+02	1.5044e-21
3.5595e+02	1.4945e-21
3.5606e+02	1.4852e-21
3.5616e+02	1.4772e-21
3.5627e+02	1.4684e-21
3.5638e+02	1.4596e-21
3.5648e+02	1.4516e-21
3.5659e+02	1.4428e-21
3.5669e+02	1.4348e-21
3.5680e+02	1.4260e-21
3.5691e+02	1.4172e-21
3.5701e+02	1.4092e-21
3.5712e+02	1.4004e-21
3.5723e+02	1.3916e-21
3.5733e+02	1.3836e-21
3.5744e+02	1.3748e-21
3.5754e+02	1.3668e-21
3.5765e+02	1.3580e-21
3.5776e+02	1.3492e-21
3.5786e+02	1.3412e-21
3.5797e+02	1.3324e-21
3.5807e+02	1.3255e-21
3.5818e+02	1.3183e-21
3.5829e+02	1.3111e-21
3.5839e+02	1.3047e-21
3.5850e+02	1.2975e-21
3.5860e+02	1.2910e-21
3.5871e+02	1.2839e-21
3.5882e+02	1.2767e-21
3.5892e+02	1.2702e-21
3.5903e+02	1.2631e-21
3.5913e+02	1.2566e-21
3.5924e+02	1.2494e-21
3.5935e+02	1.2422e-21
3.5945e+02	1.2358e-21
3.5956e+02	1.2286e-21
3.5966e+02	1.2221e-21
3.5977e+02	1.2150e-21
3.5988e+02	1.2078e-21
3.5998e+02	1.2013e-21
3.6009e+02	1.1942e-21
3.6019e+02	1.1877e-21
3.6030e+02	1.1805e-21
3.6041e+02	1.1733e-21
3.6051e+02	1.1669e-21
3.6062e+02	1.1597e-21
3.6072e+02	1.1532e-21
3.6083e+02	1.1461e-21
3.6094e+02	1.1389e-21
3.6104e+02	1.1324e-21
3.6115e+02	1.1253e-21
3.6125e+02	1.1187e-21
3.6136e+02	1.1116e-21
3.6146e+02	1.1051e-21
3.6157e+02	1.0980e-21
3.6168e+02	1.0908e-21
3.6178e+02	1.0843e-21
3.6189e+02	1.0772e-21
3.6199e+02	1.0706e-21
3.6210e+02	1.0644e-21
3.6221e+02	1.0582e-21
3.6231e+02	1.0526e-21
3.6242e+02	1.0465e-21
3.6252e+02	1.0409e-21
3.6263e+02	1.0347e-21
3.6273e+02	1.0291e-21
3.6284e+02	1.0230e-21
3.6295e+02	1.0168e-21
3.6305e+02	1.0112e-21
3.6316e+02	1.0050e-21
3.6326e+02	9.9944e-22
3.6337e+02	9.9328e-22
3.6347e+02	9.8768e-22
3.6358e+02	9.8152e-22
3.6369e+02	9.7536e-22
3.6379e+02	9.6976e-22
3.6390e+02	9.6360e-22
3.6400e+02	9.5800e-22
3.6411e+02	9.5217e-22
3.6421e+02	9.4687e-22
3.6432e+02	9.4104e-22
3.6442e+02	9.3574e-22
3.6453e+02	9.2991e-22
3.6464e+02	9.2408e-22
3.6474e+02	9.1878e-22
3.6485e+02	9.1295e-22
3.6495e+02	9.0765e-22
3.6506e+02	9.0182e-22
3.6516e+02	8.9652e-22
3.6527e+02	8.9069e-22
3.6537e+02	8.8539e-22
3.6548e+02	8.7956e-22
3.6559e+02	8.7373e-22
3.6569e+02	8.6843e-22
3.6580e+02	8.6260e-22
3.6590e+02	8.5730e-22
3.6601e+02	8.5156e-22
3.6611e+02	8.4710e-22
3.6622e+02	8.4221e-22
3.6632e+02	8.3776e-22
3.6643e+02	8.3286e-22
3.6653e+02	8.2842e-22
3.6664e+02	8.2352e-22
3.6675e+02	8.1862e-22
3.6685e+02	8.1417e-22
3.6696e+02	8.0928e-22
3.6706e+02	8.0483e-22
3.6717e+02	7.9993e-22
3.6727e+02	7.9549e-22
3.6738e+02	7.9059e-22
3.6748e+02	7.8614e-22
3.6759e+02	7.8125e-22
3.6769e+02	7.7680e-22
3.6780e+02	7.7190e-22
3.6790e+02	7.6745e-22
3.6801e+02	7.6261e-22
3.6811e+02	7.5871e-22
3.6822e+02	7.5442e-22
3.6833e+02	7.5013e-22
3.6843e+02	7.4623e-22
3.6854e+02	7.4194e-22
3.6864e+02	7.3804e-22
3.6875e+02	7.3375e-22
3.6885e+02	7.2985e-22
3.6896e+02	7.2556e-22
3.6906e+02	7.2166e-22
3.6917e+02	7.1737e-22
3.6927e+02	7.1347e-22
3.6938e+02	7.0918e-22
3.6948e+02	7.0528e-22
3.6959e+02	7.0099e-22
3.6969e+02	6.9709e-22
3.6980e+02	6.9280e-22
3.6990e+02	6.8890e-22
3.7001e+02	6.8464e-22
3.7011e+02	6.8104e-22
3.7022e+02	6.7708e-22
3.7032e+02	6.7348e-22
3.7043e+02	6.6952e-22
3.7053e+02	6.6592e-22
3.7064e+02	6.6196e-22
3.7074e+02	6.5836e-22
3.7085e+02	6.5440e-22
3.7095e+02	6.5080e-22
3.7106e+02	6.4684e-22
3.7117e+02	6.4288e-22
3.7127e+02	6.3928e-22
3.7138e+02	6.3532e-22
3.7148e+02	6.3172e-22
3.7159e+02	6.2776e-22
3.7169e+02	6.2416e-22
3.7180e+02	6.2020e-22
3.7190e+02	6.1660e-22
3.7201e+02	6.1266e-22
3.7211e+02	6.0926e-22
3.7222e+02	6.0552e-22
3.7232e+02	6.0212e-22
3.7243e+02	5.9838e-22
3.7253e+02	5.9498e-22
3.7263e+02	5.9158e-22
3.7274e+02	5.8784e-22
3.7284e+02	5.8444e-22
3.7295e+02	5.8070e-22
3.7305e+02	5.7730e-22
3.7316e+02	5.7356e-22
3.7326e+02	5.7016e-22
3.7337e+02	5.6642e-22
3.7347e+02	5.6302e-22
3.7358e+02	5.5928e-22
3.7368e+02	5.5588e-22
3.7379e+02	5.5214e-22
3.7389e+02	5.4874e-22
3.7400e+02	5.4500e-22
3.7410e+02	5.4195e-22
3.7421e+02	5.3860e-22
3.7431e+02	5.3554e-22
3.7442e+02	5.3219e-22
3.7452e+02	5.2914e-22
3.7463e+02	5.2579e-22
3.7473e+02	5.2273e-22
3.7484e+02	5.1938e-22
3.7494e+02	5.1633e-22
3.7505e+02	5.1297e-22
3.7515e+02	5.0993e-22
3.7526e+02	5.0657e-22
3.7536e+02	5.0352e-22
3.7547e+02	5.0016e-22
3.7557e+02	4.9712e-22
3.7567e+02	4.9406e-22
3.7578e+02	4.9071e-22
3.7588e+02	4.8766e-22
3.7599e+02	4.8430e-22
3.7609e+02	4.8162e-22
3.7620e+02	4.7870e-22
3.7630e+02	4.7605e-22
3.7641e+02	4.7313e-22
3.7651e+02	4.7049e-22
3.7662e+02	4.6757e-22
3.7672e+02	4.6492e-22
3.7683e+02	4.6201e-22
3.7693e+02	4.5935e-22
3.7704e+02	4.5644e-22
3.7714e+02	4.5379e-22
3.7724e+02	4.5114e-22
3.7735e+02	4.4822e-22
3.7745e+02	4.4558e-22
3.7756e+02	4.4266e-22
3.7766e+02	4.4001e-22
3.7777e+02	4.3710e-22
3.7787e+02	4.3444e-22
3.7798e+02	4.3153e-22
3.7808e+02	4.2908e-22
3.7819e+02	4.2644e-22
3.7829e+02	4.2404e-22
3.7839e+02	4.2164e-22
3.7850e+02	4.1900e-22
3.7860e+02	4.1660e-22
3.7871e+02	4.1396e-22
3.7881e+02	4.1156e-22
3.7892e+02	4.0892e-22
3.7902e+02	4.0652e-22
3.7913e+02	4.0388e-22
3.7923e+02	4.0148e-22
3.7933e+02	3.9908e-22
3.7944e+02	3.9644e-22
3.7954e+02	3.9404e-22
3.7965e+02	3.9140e-22
3.7975e+02	3.8900e-22
3.7986e+02	3.8636e-22
3.7996e+02	3.8396e-22
3.8006e+02	3.8174e-22
3.8017e+02	3.7943e-22
3.8027e+02	3.7733e-22
3.8038e+02	3.7502e-22
3.8048e+02	3.7292e-22
3.8059e+02	3.7061e-22
3.8069e+02	3.6851e-22
3.8079e+02	3.6641e-22
3.8090e+02	3.6410e-22
3.8100e+02	3.6200e-22
3.8111e+02	3.5969e-22
3.8121e+02	3.5759e-22
3.8132e+02	3.5528e-22
3.8142e+02	3.5318e-22
3.8152e+02	3.5108e-22
3.8163e+02	3.4877e-22
3.8173e+02	3.4667e-22
3.8184e+02	3.4436e-22
3.8194e+02	3.4226e-22
3.8205e+02	3.4010e-22
3.8215e+02	3.3830e-22
3.8225e+02	3.3650e-22
3.8236e+02	3.3452e-22
3.8246e+02	3.3272e-22
3.8257e+02	3.3074e-22
3.8267e+02	3.2894e-22
3.8277e+02	3.2714e-22
3.8288e+02	3.2516e-22
3.8298e+02	3.2336e-22
3.8309e+02	3.2138e-22
3.8319e+02	3.1958e-22
3.8330e+02	3.1760e-22
3.8340e+02	3.1580e-22
3.8350e+02	3.1400e-22
3.8361e+02	3.1202e-22
3.8371e+02	3.1022e-22
3.8382e+02	3.0824e-22
3.8392e+02	3.0644e-22
3.8402e+02	3.0468e-22
3.8413e+02	3.0292e-22
3.8423e+02	3.0132e-22
3.8434e+02	2.9956e-22
3.8444e+02	2.9796e-22
3.8454e+02	2.9636e-22
3.8465e+02	2.9460e-22
3.8475e+02	2.9300e-22
3.8486e+02	2.9124e-22
3.8496e+02	2.8964e-22
3.8506e+02	2.8804e-22
3.8517e+02	2.8628e-22
3.8527e+02	2.8468e-22
3.8538e+02	2.8292e-22
3.8548e+02	2.8132e-22
3.8558e+02	2.7972e-22
3.8569e+02	2.7796e-22
3.8579e+02	2.7636e-22
3.8590e+02	2.7460e-22
3.8600e+02	2.7300e-22
3.8610e+02	2.7145e-22
3.8621e+02	2.6975e-22
3.8631e+02	2.6819e-22
3.8641e+02	2.6664e-22
3.8652e+02	2.6494e-22
3.8662e+02	2.6339e-22
3.8673e+02	2.6168e-22
3.8683e+02	2.6014e-22
3.8693e+02	2.5858e-22
3.8704e+02	2.5688e-22
3.8714e+02	2.5533e-22
3.8724e+02	2.5378e-22
3.8735e+02	2.5207e-22
3.8745e+02	2.5053e-22
3.8756e+02	2.4882e-22
3.8766e+02	2.4727e-22
3.8776e+02	2.4572e-22
3.8787e+02	2.4401e-22
3.8797e+02	2.4246e-22
3.8807e+02	2.4106e-22
3.8818e+02	2.3957e-22
3.8828e+02	2.3822e-22
3.8839e+02	2.3674e-22
3.8849e+02	2.3538e-22
3.8859e+02	2.3404e-22
3.8870e+02	2.3255e-22
3.8880e+02	2.3120e-22
3.8890e+02	2.2985e-22
3.8901e+02	2.2837e-22
3.8911e+02	2.2701e-22
3.8922e+02	2.2553e-22
3.8932e+02	2.2418e-22
3.8942e+02	2.2283e-22
3.8953e+02	2.2135e-22
3.8963e+02	2.2000e-22
3.8973e+02	2.1864e-22
3.8984e+02	2.1716e-22
3.8994e+02	2.1581e-22
3.9004e+02	2.1456e-22
3.9015e+02	2.1335e-22
3.9025e+02	2.1225e-22
3.9035e+02	2.1115e-22
3.9046e+02	2.0994e-22
3.9056e+02	2.0884e-22
3.9066e+02	2.0774e-22
3.9077e+02	2.0653e-22
3.9087e+02	2.0543e-22
3.9098e+02	2.0422e-22
3.9108e+02	2.0312e-22
3.9118e+02	2.0202e-22
3.9129e+02	2.0081e-22
3.9139e+02	1.9971e-22
3.9149e+02	1.9861e-22
3.9160e+02	1.9740e-22
3.9170e+02	1.9630e-22
3.9180e+02	1.9520e-22
3.9191e+02	1.9399e-22
3.9201e+02	1.9290e-22
3.9211e+02	1.9184e-22
3.9222e+02	1.9069e-22
3.9232e+02	1.8964e-22
3.9242e+02	1.8859e-22
3.9253e+02	1.8744e-22
3.9263e+02	1.8639e-22
3.9273e+02	1.8533e-22
3.9284e+02	1.8418e-22
3.9294e+02	1.8313e-22
3.9304e+02	1.8208e-22
3.9315e+02	1.8093e-22
3.9325e+02	1.7988e-22
3.9335e+02	1.7882e-22
3.9346e+02	1.7767e-22
3.9356e+02	1.7662e-22
3.9366e+02	1.7557e-22
3.9377e+02	1.7442e-22
3.9387e+02	1.7336e-22
3.9397e+02	1.7231e-22
3.9408e+02	1.7112e-22
3.9418e+02	1.7002e-22
3.9428e+02	1.6892e-22
3.9439e+02	1.6771e-22
3.9449e+02	1.6661e-22
3.9459e+02	1.6551e-22
3.9469e+02	1.6441e-22
3.9480e+02	1.6320e-22
3.9490e+02	1.6210e-22
3.9500e+02	1.6100e-22
3.9511e+02	1.5979e-22
3.9521e+02	1.5869e-22
3.9531e+02	1.5759e-22
3.9542e+02	1.5638e-22
3.9552e+02	1.5528e-22
3.9562e+02	1.5418e-22
3.9573e+02	1.5297e-22
3.9583e+02	1.5187e-22
3.9593e+02	1.5077e-22
3.9604e+02	1.4968e-22
3.9614e+02	1.4888e-22
3.9624e+02	1.4808e-22
3.9634e+02	1.4728e-22
3.9645e+02	1.4640e-22
3.9655e+02	1.4560e-22
3.9665e+02	1.4480e-22
3.9676e+02	1.4392e-22
3.9686e+02	1.4312e-22
3.9696e+02	1.4232e-22
3.9707e+02	1.4144e-22
3.9717e+02	1.4064e-22
3.9727e+02	1.3984e-22
3.9737e+02	1.3904e-22
3.9748e+02	1.3816e-22
3.9758e+02	1.3736e-22
3.9768e+02	1.3656e-22
3.9779e+02	1.3568e-22
3.9789e+02	1.3488e-22
3.9799e+02	1.3408e-22
3.9810e+02	1.3430e-22
3.9820e+02	1.3460e-22
3.9830e+02	1.3490e-22
3.9840e+02	1.3520e-22
3.9851e+02	1.3553e-22
3.9861e+02	1.3583e-22
3.9871e+02	1.3613e-22
3.9882e+02	1.3646e-22
3.9892e+02	1.3676e-22
3.9902e+02	1.3706e-22
3.9912e+02	1.3736e-22
3.9923e+02	1.3769e-22
3.9933e+02	1.3799e-22
3.9943e+02	1.3829e-22
3.9953e+02	1.3859e-22
3.9964e+02	1.3892e-22
3.9974e+02	1.3922e-22
3.9984e+02	1.3952e-22
3.9995e+02	1.3985e-22
