Wavelength (nm)	Cross section (cm2)
2.1009e+02	0.0000e+00
2.1021e+02	0.0000e+00
2.1032e+02	0.0000e+00
2.1044e+02	0.0000e+00
2.1056e+02	0.0000e+00
2.1068e+02	0.0000e+00
2.1079e+02	0.0000e+00
2.1091e+02	0.0000e+00
2.1103e+02	0.0000e+00
2.1114e+02	0.0000e+00
2.1126e+02	0.0000e+00
2.1138e+02	0.0000e+00
2.1149e+02	0.0000e+00
2.1161e+02	0.0000e+00
2.1173e+02	0.0000e+00
2.1185e+02	0.0000e+00
2.1196e+02	0.0000e+00
2.1208e+02	0.0000e+00
2.1220e+02	0.0000e+00
2.1231e+02	0.0000e+00
2.1243e+02	0.0000e+00
2.1255e+02	0.0000e+00
2.1266e+02	0.0000e+00
2.1278e+02	0.0000e+00
2.1290e+02	0.0000e+00
2.1302e+02	0.0000e+00
2.1313e+02	0.0000e+00
2.1325e+02	0.0000e+00
2.1337e+02	0.0000e+00
2.1348e+02	0.0000e+00
2.1360e+02	0.0000e+00
2.1372e+02	0.0000e+00
2.1383e+02	0.0000e+00
2.1395e+02	0.0000e+00
2.1407e+02	0.0000e+00
2.1418e+02	0.0000e+00
2.1430e+02	0.0000e+00
2.1442e+02	0.0000e+00
2.1453e+02	0.0000e+00
2.1465e+02	0.0000e+00
2.1477e+02	0.0000e+00
2.1488e+02	0.0000e+00
2.1500e+02	0.0000e+00
2.1512e+02	0.0000e+00
2.1524e+02	0.0000e+00
2.1535e+02	0.0000e+00
2.1547e+02	0.0000e+00
2.1559e+02	0.0000e+00
2.1570e+02	0.0000e+00
2.1582e+02	0.0000e+00
2.1594e+02	0.0000e+00
2.1605e+02	0.0000e+00
2.1617e+02	0.0000e+00
2.1629e+02	0.0000e+00
2.1640e+02	0.0000e+00
2.1652e+02	0.0000e+00
2.1664e+02	0.0000e+00
2.1675e+02	0.0000e+00
2.1687e+02	0.0000e+00
2.1699e+02	0.0000e+00
2.1710e+02	0.0000e+00
2.1722e+02	0.0000e+00
2.1734e+02	0.0000e+00
2.1745e+02	0.0000e+00
2.1757e+02	0.0000e+00
2.1769e+02	0.0000e+00
2.1780e+02	0.0000e+00
2.1792e+02	0.0000e+00
2.1803e+02	0.0000e+00
2.1815e+02	0.0000e+00
2.1827e+02	0.0000e+00
2.1838e+02	0.0000e+00
2.1850e+02	0.0000e+00
2.1862e+02	0.0000e+00
2.1873e+02	0.0000e+00
2.1885e+02	0.0000e+00
2.1897e+02	0.0000e+00
2.1908e+02	0.0000e+00
2.1920e+02	0.0000e+00
2.1932e+02	0.0000e+00
2.1943e+02	0.0000e+00
2.1955e+02	0.0000e+00
2.1967e+02	0.0000e+00
2.1978e+02	0.0000e+00
2.1990e+02	0.0000e+00
2.2002e+02	0.0000e+00
2.2013e+02	0.0000e+00
2.2025e+02	0.0000e+00
2.2036e+02	0.0000e+00
2.2048e+02	0.0000e+00
2.2060e+02	0.0000e+00
2.2071e+02	0.0000e+00
2.2083e+02	0.0000e+00
2.2095e+02	0.0000e+00
2.2106e+02	0.0000e+00
2.2118e+02	0.0000e+00
2.2130e+02	0.0000e+00
2.2141e+02	0.0000e+00
2.2153e+02	0.0000e+00
2.2164e+02	0.0000e+00
2.2176e+02	0.0000e+00
2.2188e+02	0.0000e+00
2.2199e+02	0.0000e+00
2.2211e+02	0.0000e+00
2.2223e+02	0.0000e+00
2.2234e+02	0.0000e+00
2.2246e+02	0.0000e+00
2.2257e+02	0.0000e+00
2.2269e+02	0.0000e+00
2.2281e+02	0.0000e+00
2.2292e+02	0.0000e+00
2.2304e+02	0.0000e+00
2.2316e+02	0.0000e+00
2.2327e+02	0.0000e+00
2.2339e+02	0.0000e+00
2.2350e+02	0.0000e+00
2.2362e+02	0.0000e+00
2.2374e+02	0.0000e+00
2.2385e+02	0.0000e+00
2.2397e+02	0.0000e+00
2.2408e+02	0.0000e+00
2.2420e+02	0.0000e+00
2.2432e+02	0.0000e+00
2.2443e+02	0.0000e+00
2.2455e+02	0.0000e+00
2.2466e+02	0.0000e+00
2.2478e+02	0.0000e+00
2.2490e+02	0.0000e+00
2.2501e+02	0.0000e+00
2.2513e+02	0.0000e+00
2.2525e+02	0.0000e+00
2.2536e+02	0.0000e+00
2.2548e+02	0.0000e+00
2.2559e+02	0.0000e+00
2.2571e+02	0.0000e+00
2.2583e+02	0.0000e+00
2.2594e+02	0.0000e+00
2.2606e+02	0.0000e+00
2.2617e+02	0.0000e+00
2.2629e+02	0.0000e+00
2.2641e+02	0.0000e+00
2.2652e+02	0.0000e+00
2.2664e+02	0.0000e+00
2.2675e+02	0.0000e+00
2.2687e+02	0.0000e+00
2.2698e+02	0.0000e+00
2.2710e+02	0.0000e+00
2.2722e+02	0.0000e+00
2.2733e+02	0.0000e+00
2.2745e+02	0.0000e+00
2.2756e+02	0.0000e+00
2.2768e+02	0.0000e+00
2.2780e+02	0.0000e+00
2.2791e+02	0.0000e+00
2.2803e+02	0.0000e+00
2.2814e+02	0.0000e+00
2.2826e+02	0.0000e+00
2.2838e+02	0.0000e+00
2.2849e+02	0.0000e+00
2.2861e+02	0.0000e+00
2.2872e+02	0.0000e+00
2.2884e+02	0.0000e+00
2.2895e+02	0.0000e+00
2.2907e+02	0.0000e+00
2.2919e+02	0.0000e+00
2.2930e+02	0.0000e+00
2.2942e+02	0.0000e+00
2.2953e+02	0.0000e+00
2.2965e+02	0.0000e+00
2.2976e+02	0.0000e+00
2.2988e+02	0.0000e+00
2.3000e+02	0.0000e+00
2.3011e+02	0.0000e+00
2.3023e+02	0.0000e+00
2.3034e+02	0.0000e+00
2.3046e+02	0.0000e+00
2.3057e+02	0.0000e+00
2.3069e+02	0.0000e+00
2.3081e+02	0.0000e+00
2.3092e+02	0.0000e+00
2.3104e+02	0.0000e+00
2.3115e+02	0.0000e+00
2.3127e+02	0.0000e+00
2.3138e+02	0.0000e+00
2.3150e+02	0.0000e+00
2.3161e+02	0.0000e+00
2.3173e+02	0.0000e+00
2.3185e+02	0.0000e+00
2.3196e+02	0.0000e+00
2.3208e+02	0.0000e+00
2.3219e+02	0.0000e+00
2.3231e+02	0.0000e+00
2.3242e+02	0.0000e+00
2.3254e+02	0.0000e+00
2.3265e+02	0.0000e+00
2.3277e+02	0.0000e+00
2.3289e+02	0.0000e+00
2.3300e+02	0.0000e+00
2.3312e+02	0.0000e+00
2.3323e+02	0.0000e+00
2.3335e+02	0.0000e+00
2.3346e+02	0.0000e+00
2.3358e+02	0.0000e+00
2.3369e+02	0.0000e+00
2.3381e+02	0.0000e+00
2.3392e+02	0.0000e+00
2.3404e+02	0.0000e+00
2.3416e+02	0.0000e+00
2.3427e+02	0.0000e+00
2.3439e+02	0.0000e+00
2.3450e+02	0.0000e+00
2.3462e+02	0.0000e+00
2.3473e+02	0.0000e+00
2.3485e+02	0.0000e+00
2.3496e+02	0.0000e+00
2.3508e+02	0.0000e+00
2.3519e+02	0.0000e+00
2.3531e+02	0.0000e+00
2.3542e+02	0.0000e+00
2.3554e+02	0.0000e+00
2.3565e+02	0.0000e+00
2.3577e+02	0.0000e+00
2.3589e+02	0.0000e+00
2.3600e+02	0.0000e+00
2.3612e+02	0.0000e+00
2.3623e+02	0.0000e+00
2.3635e+02	0.0000e+00
2.3646e+02	0.0000e+00
2.3658e+02	0.0000e+00
2.3669e+02	0.0000e+00
2.3681e+02	0.0000e+00
2.3692e+02	0.0000e+00
2.3704e+02	0.0000e+00
2.3715e+02	0.0000e+00
2.3727e+02	0.0000e+00
2.3738e+02	0.0000e+00
2.3750e+02	0.0000e+00
2.3761e+02	0.0000e+00
2.3773e+02	0.0000e+00
2.3784e+02	0.0000e+00
2.3796e+02	0.0000e+00
2.3807e+02	0.0000e+00
2.3819e+02	0.0000e+00
2.3830e+02	0.0000e+00
2.3842e+02	0.0000e+00
2.3853e+02	0.0000e+00
2.3865e+02	0.0000e+00
2.3876e+02	0.0000e+00
2.3888e+02	0.0000e+00
2.3899e+02	0.0000e+00
2.3911e+02	0.0000e+00
2.3922e+02	0.0000e+00
2.3934e+02	0.0000e+00
2.3945e+02	0.0000e+00
2.3957e+02	0.0000e+00
2.3968e+02	0.0000e+00
2.3980e+02	0.0000e+00
2.3991e+02	0.0000e+00
2.4003e+02	0.0000e+00
2.4014e+02	0.0000e+00
2.4026e+02	0.0000e+00
2.4037e+02	0.0000e+00
2.4049e+02	0.0000e+00
2.4060e+02	0.0000e+00
2.4072e+02	0.0000e+00
2.4083e+02	0.0000e+00
2.4095e+02	0.0000e+00
2.4106e+02	0.0000e+00
2.4118e+02	0.0000e+00
2.4129e+02	0.0000e+00
2.4141e+02	0.0000e+00
2.4152e+02	0.0000e+00
2.4164e+02	0.0000e+00
2.4175e+02	0.0000e+00
2.4187e+02	0.0000e+00
2.4198e+02	0.0000e+00
2.4210e+02	0.0000e+00
2.4221e+02	0.0000e+00
2.4233e+02	0.0000e+00
2.4244e+02	0.0000e+00
2.4256e+02	0.0000e+00
2.4267e+02	0.0000e+00
2.4279e+02	0.0000e+00
2.4290e+02	0.0000e+00
2.4302e+02	0.0000e+00
2.4313e+02	0.0000e+00
2.4325e+02	0.0000e+00
2.4336e+02	0.0000e+00
2.4347e+02	0.0000e+00
2.4359e+02	0.0000e+00
2.4370e+02	0.0000e+00
2.4382e+02	0.0000e+00
2.4393e+02	0.0000e+00
2.4405e+02	0.0000e+00
2.4416e+02	0.0000e+00
2.4428e+02	0.0000e+00
2.4439e+02	0.0000e+00
2.4451e+02	0.0000e+00
2.4462e+02	0.0000e+00
2.4474e+02	0.0000e+00
2.4485e+02	0.0000e+00
2.4497e+02	0.0000e+00
2.4508e+02	0.0000e+00
2.4519e+02	0.0000e+00
2.4531e+02	0.0000e+00
2.4542e+02	0.0000e+00
2.4554e+02	0.0000e+00
2.4565e+02	0.0000e+00
2.4577e+02	0.0000e+00
2.4588e+02	0.0000e+00
2.4600e+02	0.0000e+00
2.4611e+02	0.0000e+00
2.4623e+02	0.0000e+00
2.4634e+02	0.0000e+00
2.4645e+02	0.0000e+00
2.4657e+02	0.0000e+00
2.4668e+02	0.0000e+00
2.4680e+02	0.0000e+00
2.4691e+02	0.0000e+00
2.4703e+02	0.0000e+00
2.4714e+02	0.0000e+00
2.4726e+02	0.0000e+00
2.4737e+02	0.0000e+00
2.4749e+02	0.0000e+00
2.4760e+02	0.0000e+00
2.4771e+02	0.0000e+00
2.4783e+02	0.0000e+00
2.4794e+02	0.0000e+00
2.4806e+02	0.0000e+00
2.4817e+02	0.0000e+00
2.4829e+02	0.0000e+00
2.4840e+02	0.0000e+00
2.4851e+02	0.0000e+00
2.4863e+02	0.0000e+00
2.4874e+02	0.0000e+00
2.4886e+02	0.0000e+00
2.4897e+02	0.0000e+00
2.4909e+02	0.0000e+00
2.4920e+02	0.0000e+00
2.4931e+02	0.0000e+00
2.4943e+02	0.0000e+00
2.4954e+02	0.0000e+00
2.4966e+02	0.0000e+00
2.4977e+02	0.0000e+00
2.4989e+02	0.0000e+00
2.5000e+02	0.0000e+00
2.5011e+02	0.0000e+00
2.5023e+02	0.0000e+00
2.5034e+02	0.0000e+00
2.5046e+02	0.0000e+00
2.5057e+02	0.0000e+00
2.5069e+02	0.0000e+00
2.5080e+02	0.0000e+00
2.5091e+02	0.0000e+00
2.5103e+02	0.0000e+00
2.5114e+02	0.0000e+00
2.5126e+02	0.0000e+00
2.5137e+02	0.0000e+00
2.5149e+02	0.0000e+00
2.5160e+02	0.0000e+00
2.5171e+02	0.0000e+00
2.5183e+02	0.0000e+00
2.5194e+02	0.0000e+00
2.5206e+02	0.0000e+00
2.5217e+02	0.0000e+00
2.5228e+02	0.0000e+00
2.5240e+02	0.0000e+00
2.5251e+02	0.0000e+00
2.5263e+02	0.0000e+00
2.5274e+02	0.0000e+00
2.5285e+02	0.0000e+00
2.5297e+02	0.0000e+00
2.5308e+02	0.0000e+00
2.5320e+02	0.0000e+00
2.5331e+02	0.0000e+00
2.5342e+02	0.0000e+00
2.5354e+02	0.0000e+00
2.5365e+02	0.0000e+00
2.5377e+02	0.0000e+00
2.5388e+02	0.0000e+00
2.5399e+02	0.0000e+00
2.5411e+02	0.0000e+00
2.5422e+02	0.0000e+00
2.5434e+02	0.0000e+00
2.5445e+02	0.0000e+00
2.5456e+02	0.0000e+00
2.5468e+02	0.0000e+00
2.5479e+02	0.0000e+00
2.5491e+02	0.0000e+00
2.5502e+02	0.0000e+00
2.5513e+02	0.0000e+00
2.5525e+02	0.0000e+00
2.5536e+02	0.0000e+00
2.5547e+02	0.0000e+00
2.5559e+02	0.0000e+00
2.5570e+02	0.0000e+00
2.5582e+02	0.0000e+00
2.5593e+02	0.0000e+00
2.5604e+02	0.0000e+00
2.5616e+02	0.0000e+00
2.5627e+02	0.0000e+00
2.5639e+02	0.0000e+00
2.5650e+02	0.0000e+00
2.5661e+02	0.0000e+00
2.5673e+02	0.0000e+00
2.5684e+02	0.0000e+00
2.5695e+02	0.0000e+00
2.5707e+02	0.0000e+00
2.5718e+02	0.0000e+00
2.5730e+02	0.0000e+00
2.5741e+02	0.0000e+00
2.5752e+02	0.0000e+00
2.5764e+02	0.0000e+00
2.5775e+02	0.0000e+00
2.5786e+02	0.0000e+00
2.5798e+02	0.0000e+00
2.5809e+02	0.0000e+00
2.5820e+02	0.0000e+00
2.5832e+02	0.0000e+00
2.5843e+02	0.0000e+00
2.5855e+02	0.0000e+00
2.5866e+02	0.0000e+00
2.5877e+02	0.0000e+00
2.5889e+02	0.0000e+00
2.5900e+02	0.0000e+00
2.5911e+02	0.0000e+00
2.5923e+02	0.0000e+00
2.5934e+02	0.0000e+00
2.5945e+02	0.0000e+00
2.5957e+02	0.0000e+00
2.5968e+02	0.0000e+00
2.5980e+02	0.0000e+00
2.5991e+02	0.0000e+00
2.6002e+02	0.0000e+00
2.6014e+02	0.0000e+00
2.6025e+02	0.0000e+00
2.6036e+02	0.0000e+00
2.6048e+02	0.0000e+00
2.6059e+02	0.0000e+00
2.6070e+02	0.0000e+00
2.6082e+02	0.0000e+00
2.6093e+02	0.0000e+00
2.6104e+02	0.0000e+00
2.6116e+02	0.0000e+00
2.6127e+02	0.0000e+00
2.6138e+02	0.0000e+00
2.6150e+02	0.0000e+00
2.6161e+02	0.0000e+00
2.6172e+02	0.0000e+00
2.6184e+02	0.0000e+00
2.6195e+02	0.0000e+00
2.6206e+02	0.0000e+00
2.6218e+02	0.0000e+00
2.6229e+02	0.0000e+00
2.6240e+02	0.0000e+00
2.6252e+02	0.0000e+00
2.6263e+02	0.0000e+00
2.6274e+02	0.0000e+00
2.6286e+02	0.0000e+00
2.6297e+02	0.0000e+00
2.6308e+02	0.0000e+00
2.6320e+02	0.0000e+00
2.6331e+02	0.0000e+00
2.6342e+02	0.0000e+00
2.6354e+02	0.0000e+00
2.6365e+02	0.0000e+00
2.6376e+02	0.0000e+00
2.6388e+02	0.0000e+00
2.6399e+02	0.0000e+00
2.6410e+02	0.0000e+00
2.6422e+02	0.0000e+00
2.6433e+02	0.0000e+00
2.6444e+02	0.0000e+00
2.6456e+02	0.0000e+00
2.6467e+02	0.0000e+00
2.6478e+02	0.0000e+00
2.6490e+02	0.0000e+00
2.6501e+02	0.0000e+00
2.6512e+02	0.0000e+00
2.6524e+02	0.0000e+00
2.6535e+02	0.0000e+00
2.6546e+02	0.0000e+00
2.6557e+02	0.0000e+00
2.6569e+02	0.0000e+00
2.6580e+02	0.0000e+00
2.6591e+02	0.0000e+00
2.6603e+02	0.0000e+00
2.6614e+02	0.0000e+00
2.6625e+02	0.0000e+00
2.6637e+02	0.0000e+00
2.6648e+02	0.0000e+00
2.6659e+02	0.0000e+00
2.6671e+02	0.0000e+00
2.6682e+02	0.0000e+00
2.6693e+02	0.0000e+00
2.6704e+02	0.0000e+00
2.6716e+02	0.0000e+00
2.6727e+02	0.0000e+00
2.6738e+02	0.0000e+00
2.6750e+02	0.0000e+00
2.6761e+02	0.0000e+00
2.6772e+02	0.0000e+00
2.6783e+02	0.0000e+00
2.6795e+02	0.0000e+00
2.6806e+02	0.0000e+00
2.6817e+02	0.0000e+00
2.6829e+02	0.0000e+00
2.6840e+02	0.0000e+00
2.6851e+02	0.0000e+00
2.6863e+02	0.0000e+00
2.6874e+02	0.0000e+00
2.6885e+02	0.0000e+00
2.6896e+02	0.0000e+00
2.6908e+02	0.0000e+00
2.6919e+02	0.0000e+00
2.6930e+02	0.0000e+00
2.6942e+02	0.0000e+00
2.6953e+02	0.0000e+00
2.6964e+02	0.0000e+00
2.6975e+02	0.0000e+00
2.6987e+02	0.0000e+00
2.6998e+02	0.0000e+00
2.7009e+02	0.0000e+00
2.7020e+02	0.0000e+00
2.7032e+02	0.0000e+00
2.7043e+02	0.0000e+00
2.7054e+02	0.0000e+00
2.7066e+02	0.0000e+00
2.7077e+02	0.0000e+00
2.7088e+02	0.0000e+00
2.7099e+02	0.0000e+00
2.7111e+02	0.0000e+00
2.7122e+02	0.0000e+00
2.7133e+02	0.0000e+00
2.7144e+02	0.0000e+00
2.7156e+02	0.0000e+00
2.7167e+02	0.0000e+00
2.7178e+02	0.0000e+00
2.7190e+02	0.0000e+00
2.7201e+02	0.0000e+00
2.7212e+02	0.0000e+00
2.7223e+02	0.0000e+00
2.7235e+02	0.0000e+00
2.7246e+02	0.0000e+00
2.7257e+02	0.0000e+00
2.7268e+02	0.0000e+00
2.7280e+02	0.0000e+00
2.7291e+02	0.0000e+00
2.7302e+02	0.0000e+00
2.7313e+02	0.0000e+00
2.7325e+02	0.0000e+00
2.7336e+02	0.0000e+00
2.7347e+02	0.0000e+00
2.7358e+02	0.0000e+00
2.7370e+02	0.0000e+00
2.7381e+02	0.0000e+00
2.7392e+02	0.0000e+00
2.7403e+02	0.0000e+00
2.7415e+02	0.0000e+00
2.7426e+02	0.0000e+00
2.7437e+02	0.0000e+00
2.7448e+02	0.0000e+00
2.7460e+02	0.0000e+00
2.7471e+02	0.0000e+00
2.7482e+02	0.0000e+00
2.7493e+02	0.0000e+00
2.7505e+02	0.0000e+00
2.7516e+02	0.0000e+00
2.7527e+02	0.0000e+00
2.7538e+02	0.0000e+00
2.7550e+02	0.0000e+00
2.7561e+02	0.0000e+00
2.7572e+02	0.0000e+00
2.7583e+02	0.0000e+00
2.7595e+02	0.0000e+00
2.7606e+02	0.0000e+00
2.7617e+02	0.0000e+00
2.7628e+02	0.0000e+00
2.7639e+02	0.0000e+00
2.7651e+02	0.0000e+00
2.7662e+02	0.0000e+00
2.7673e+02	0.0000e+00
2.7684e+02	0.0000e+00
2.7696e+02	0.0000e+00
2.7707e+02	0.0000e+00
2.7718e+02	0.0000e+00
2.7729e+02	0.0000e+00
2.7740e+02	0.0000e+00
2.7752e+02	0.0000e+00
2.7763e+02	0.0000e+00
2.7774e+02	0.0000e+00
2.7785e+02	0.0000e+00
2.7797e+02	0.0000e+00
2.7808e+02	0.0000e+00
2.7819e+02	0.0000e+00
2.7830e+02	0.0000e+00
2.7841e+02	0.0000e+00
2.7853e+02	0.0000e+00
2.7864e+02	0.0000e+00
2.7875e+02	0.0000e+00
2.7886e+02	0.0000e+00
2.7898e+02	0.0000e+00
2.7909e+02	0.0000e+00
2.7920e+02	0.0000e+00
2.7931e+02	0.0000e+00
2.7942e+02	0.0000e+00
2.7954e+02	0.0000e+00
2.7965e+02	0.0000e+00
2.7976e+02	0.0000e+00
2.7987e+02	0.0000e+00
2.7998e+02	0.0000e+00
2.8010e+02	0.0000e+00
2.8021e+02	0.0000e+00
2.8032e+02	0.0000e+00
2.8043e+02	0.0000e+00
2.8054e+02	0.0000e+00
2.8066e+02	0.0000e+00
2.8077e+02	0.0000e+00
2.8088e+02	0.0000e+00
2.8099e+02	0.0000e+00
2.8110e+02	0.0000e+00
2.8122e+02	0.0000e+00
2.8133e+02	0.0000e+00
2.8144e+02	0.0000e+00
2.8155e+02	0.0000e+00
2.8166e+02	0.0000e+00
2.8178e+02	0.0000e+00
2.8189e+02	0.0000e+00
2.8200e+02	0.0000e+00
2.8211e+02	0.0000e+00
2.8222e+02	0.0000e+00
2.8234e+02	0.0000e+00
2.8245e+02	0.0000e+00
2.8256e+02	0.0000e+00
2.8267e+02	0.0000e+00
2.8278e+02	0.0000e+00
2.8289e+02	0.0000e+00
2.8301e+02	0.0000e+00
2.8312e+02	0.0000e+00
2.8323e+02	0.0000e+00
2.8334e+02	0.0000e+00
2.8345e+02	0.0000e+00
2.8357e+02	0.0000e+00
2.8368e+02	0.0000e+00
2.8379e+02	0.0000e+00
2.8390e+02	0.0000e+00
2.8401e+02	0.0000e+00
2.8412e+02	0.0000e+00
2.8424e+02	0.0000e+00
2.8435e+02	0.0000e+00
2.8446e+02	0.0000e+00
2.8457e+02	0.0000e+00
2.8468e+02	0.0000e+00
2.8479e+02	0.0000e+00
2.8491e+02	0.0000e+00
2.8502e+02	0.0000e+00
2.8513e+02	0.0000e+00
2.8524e+02	0.0000e+00
2.8535e+02	0.0000e+00
2.8546e+02	0.0000e+00
2.8558e+02	0.0000e+00
2.8569e+02	0.0000e+00
2.8580e+02	0.0000e+00
2.8591e+02	0.0000e+00
2.8602e+02	0.0000e+00
2.8613e+02	0.0000e+00
2.8625e+02	0.0000e+00
2.8636e+02	0.0000e+00
2.8647e+02	0.0000e+00
2.8658e+02	0.0000e+00
2.8669e+02	0.0000e+00
2.8680e+02	0.0000e+00
2.8691e+02	0.0000e+00
2.8703e+02	0.0000e+00
2.8714e+02	0.0000e+00
2.8725e+02	0.0000e+00
2.8736e+02	0.0000e+00
2.8747e+02	0.0000e+00
2.8758e+02	0.0000e+00
2.8770e+02	0.0000e+00
2.8781e+02	0.0000e+00
2.8792e+02	0.0000e+00
2.8803e+02	0.0000e+00
2.8814e+02	0.0000e+00
2.8825e+02	0.0000e+00
2.8836e+02	0.0000e+00
2.8848e+02	0.0000e+00
2.8859e+02	0.0000e+00
2.8870e+02	0.0000e+00
2.8881e+02	0.0000e+00
2.8892e+02	0.0000e+00
2.8903e+02	0.0000e+00
2.8914e+02	0.0000e+00
2.8925e+02	0.0000e+00
2.8937e+02	0.0000e+00
2.8948e+02	0.0000e+00
2.8959e+02	0.0000e+00
2.8970e+02	0.0000e+00
2.8981e+02	0.0000e+00
2.8992e+02	0.0000e+00
2.9003e+02	0.0000e+00
2.9015e+02	0.0000e+00
2.9026e+02	0.0000e+00
2.9037e+02	0.0000e+00
2.9048e+02	0.0000e+00
2.9059e+02	0.0000e+00
2.9070e+02	0.0000e+00
2.9081e+02	0.0000e+00
2.9092e+02	0.0000e+00
2.9104e+02	0.0000e+00
2.9115e+02	0.0000e+00
2.9126e+02	0.0000e+00
2.9137e+02	0.0000e+00
2.9148e+02	0.0000e+00
2.9159e+02	0.0000e+00
2.9170e+02	0.0000e+00
2.9181e+02	0.0000e+00
2.9192e+02	0.0000e+00
2.9204e+02	0.0000e+00
2.9215e+02	0.0000e+00
2.9226e+02	0.0000e+00
2.9237e+02	0.0000e+00
2.9248e+02	0.0000e+00
2.9259e+02	0.0000e+00
2.9270e+02	0.0000e+00
2.9281e+02	0.0000e+00
2.9293e+02	0.0000e+00
2.9304e+02	0.0000e+00
2.9315e+02	0.0000e+00
2.9326e+02	0.0000e+00
2.9337e+02	0.0000e+00
2.9348e+02	0.0000e+00
2.9359e+02	0.0000e+00
2.9370e+02	0.0000e+00
2.9381e+02	0.0000e+00
2.9392e+02	0.0000e+00
2.9404e+02	0.0000e+00
2.9415e+02	0.0000e+00
2.9426e+02	0.0000e+00
2.9437e+02	0.0000e+00
2.9448e+02	0.0000e+00
2.9459e+02	0.0000e+00
2.9470e+02	0.0000e+00
2.9481e+02	0.0000e+00
2.9492e+02	0.0000e+00
2.9503e+02	0.0000e+00
2.9514e+02	0.0000e+00
2.9526e+02	0.0000e+00
2.9537e+02	0.0000e+00
2.9548e+02	0.0000e+00
2.9559e+02	0.0000e+00
2.9570e+02	0.0000e+00
2.9581e+02	0.0000e+00
2.9592e+02	0.0000e+00
2.9603e+02	0.0000e+00
2.9614e+02	0.0000e+00
2.9625e+02	0.0000e+00
2.9636e+02	0.0000e+00
2.9648e+02	0.0000e+00
2.9659e+02	0.0000e+00
2.9670e+02	0.0000e+00
2.9681e+02	0.0000e+00
2.9692e+02	0.0000e+00
2.9703e+02	0.0000e+00
2.9714e+02	0.0000e+00
2.9725e+02	0.0000e+00
2.9736e+02	0.0000e+00
2.9747e+02	0.0000e+00
2.9758e+02	0.0000e+00
2.9769e+02	0.0000e+00
2.9780e+02	0.0000e+00
2.9792e+02	0.0000e+00
2.9803e+02	0.0000e+00
2.9814e+02	0.0000e+00
2.9825e+02	0.0000e+00
2.9836e+02	0.0000e+00
2.9847e+02	0.0000e+00
2.9858e+02	0.0000e+00
2.9869e+02	0.0000e+00
2.9880e+02	0.0000e+00
2.9891e+02	0.0000e+00
2.9902e+02	0.0000e+00
2.9913e+02	0.0000e+00
2.9924e+02	0.0000e+00
2.9935e+02	0.0000e+00
2.9946e+02	0.0000e+00
2.9957e+02	0.0000e+00
2.9969e+02	0.0000e+00
2.9980e+02	0.0000e+00
2.9991e+02	0.0000e+00
3.0002e+02	0.0000e+00
3.0013e+02	0.0000e+00
3.0024e+02	0.0000e+00
3.0035e+02	0.0000e+00
3.0046e+02	0.0000e+00
3.0057e+02	0.0000e+00
3.0068e+02	0.0000e+00
3.0079e+02	0.0000e+00
3.0090e+02	0.0000e+00
3.0101e+02	0.0000e+00
3.0112e+02	0.0000e+00
3.0123e+02	0.0000e+00
3.0134e+02	0.0000e+00
3.0145e+02	0.0000e+00
3.0156e+02	0.0000e+00
3.0167e+02	0.0000e+00
3.0178e+02	0.0000e+00
3.0190e+02	0.0000e+00
3.0201e+02	0.0000e+00
3.0212e+02	0.0000e+00
3.0223e+02	0.0000e+00
3.0234e+02	0.0000e+00
3.0245e+02	0.0000e+00
3.0256e+02	0.0000e+00
3.0267e+02	0.0000e+00
3.0278e+02	0.0000e+00
3.0289e+02	0.0000e+00
3.0300e+02	0.0000e+00
3.0311e+02	0.0000e+00
3.0322e+02	0.0000e+00
3.0333e+02	0.0000e+00
3.0344e+02	0.0000e+00
3.0355e+02	0.0000e+00
3.0366e+02	0.0000e+00
3.0377e+02	0.0000e+00
3.0388e+02	0.0000e+00
3.0399e+02	0.0000e+00
3.0410e+02	0.0000e+00
3.0421e+02	0.0000e+00
3.0432e+02	0.0000e+00
3.0443e+02	0.0000e+00
3.0454e+02	0.0000e+00
3.0465e+02	0.0000e+00
3.0476e+02	0.0000e+00
3.0487e+02	0.0000e+00
3.0498e+02	0.0000e+00
3.0509e+02	0.0000e+00
3.0520e+02	0.0000e+00
3.0531e+02	0.0000e+00
3.0542e+02	0.0000e+00
3.0553e+02	0.0000e+00
3.0564e+02	0.0000e+00
3.0575e+02	0.0000e+00
3.0586e+02	0.0000e+00
3.0597e+02	0.0000e+00
3.0608e+02	0.0000e+00
3.0619e+02	0.0000e+00
3.0630e+02	0.0000e+00
3.0641e+02	0.0000e+00
3.0652e+02	0.0000e+00
3.0663e+02	0.0000e+00
3.0674e+02	0.0000e+00
3.0685e+02	0.0000e+00
3.0696e+02	0.0000e+00
3.0707e+02	0.0000e+00
3.0718e+02	0.0000e+00
3.0729e+02	0.0000e+00
3.0740e+02	0.0000e+00
3.0751e+02	0.0000e+00
3.0762e+02	0.0000e+00
3.0773e+02	0.0000e+00
3.0784e+02	0.0000e+00
3.0795e+02	0.0000e+00
3.0806e+02	0.0000e+00
3.0817e+02	0.0000e+00
3.0828e+02	0.0000e+00
3.0839e+02	0.0000e+00
3.0850e+02	0.0000e+00
3.0861e+02	0.0000e+00
3.0872e+02	0.0000e+00
3.0883e+02	0.0000e+00
3.0894e+02	0.0000e+00
3.0905e+02	0.0000e+00
3.0916e+02	0.0000e+00
3.0927e+02	0.0000e+00
3.0938e+02	0.0000e+00
3.0949e+02	0.0000e+00
3.0960e+02	0.0000e+00
3.0971e+02	0.0000e+00
3.0982e+02	0.0000e+00
3.0993e+02	0.0000e+00
3.1004e+02	0.0000e+00
3.1015e+02	0.0000e+00
3.1026e+02	0.0000e+00
3.1037e+02	0.0000e+00
3.1048e+02	0.0000e+00
3.1059e+02	0.0000e+00
3.1070e+02	0.0000e+00
3.1081e+02	0.0000e+00
3.1092e+02	0.0000e+00
3.1103e+02	0.0000e+00
3.1114e+02	0.0000e+00
3.1125e+02	0.0000e+00
3.1136e+02	0.0000e+00
3.1147e+02	0.0000e+00
3.1158e+02	0.0000e+00
3.1169e+02	0.0000e+00
3.1180e+02	0.0000e+00
3.1191e+02	0.0000e+00
3.1202e+02	0.0000e+00
3.1213e+02	0.0000e+00
3.1224e+02	0.0000e+00
3.1235e+02	0.0000e+00
3.1246e+02	0.0000e+00
3.1257e+02	0.0000e+00
3.1267e+02	0.0000e+00
3.1278e+02	0.0000e+00
3.1289e+02	0.0000e+00
3.1300e+02	0.0000e+00
3.1311e+02	0.0000e+00
3.1322e+02	0.0000e+00
3.1333e+02	0.0000e+00
3.1344e+02	0.0000e+00
3.1355e+02	0.0000e+00
3.1366e+02	0.0000e+00
3.1377e+02	0.0000e+00
3.1388e+02	0.0000e+00
3.1399e+02	0.0000e+00
3.1410e+02	0.0000e+00
3.1421e+02	0.0000e+00
3.1432e+02	0.0000e+00
3.1443e+02	0.0000e+00
3.1454e+02	0.0000e+00
3.1465e+02	0.0000e+00
3.1476e+02	0.0000e+00
3.1486e+02	0.0000e+00
3.1497e+02	0.0000e+00
3.1508e+02	0.0000e+00
3.1519e+02	0.0000e+00
3.1530e+02	0.0000e+00
3.1541e+02	0.0000e+00
3.1552e+02	0.0000e+00
3.1563e+02	0.0000e+00
3.1574e+02	0.0000e+00
3.1585e+02	0.0000e+00
3.1596e+02	0.0000e+00
3.1607e+02	0.0000e+00
3.1618e+02	0.0000e+00
3.1629e+02	0.0000e+00
3.1640e+02	0.0000e+00
3.1651e+02	0.0000e+00
3.1661e+02	0.0000e+00
3.1672e+02	0.0000e+00
3.1683e+02	0.0000e+00
3.1694e+02	0.0000e+00
3.1705e+02	0.0000e+00
3.1716e+02	0.0000e+00
3.1727e+02	0.0000e+00
3.1738e+02	0.0000e+00
3.1749e+02	0.0000e+00
3.1760e+02	0.0000e+00
3.1771e+02	0.0000e+00
3.1782e+02	0.0000e+00
3.1793e+02	0.0000e+00
3.1803e+02	0.0000e+00
3.1814e+02	0.0000e+00
3.1825e+02	0.0000e+00
3.1836e+02	0.0000e+00
3.1847e+02	0.0000e+00
3.1858e+02	0.0000e+00
3.1869e+02	0.0000e+00
3.1880e+02	0.0000e+00
3.1891e+02	0.0000e+00
3.1902e+02	0.0000e+00
3.1913e+02	0.0000e+00
3.1924e+02	0.0000e+00
3.1934e+02	0.0000e+00
3.1945e+02	0.0000e+00
3.1956e+02	0.0000e+00
3.1967e+02	0.0000e+00
3.1978e+02	0.0000e+00
3.1989e+02	0.0000e+00
3.2000e+02	0.0000e+00
3.2011e+02	0.0000e+00
3.2022e+02	0.0000e+00
3.2033e+02	0.0000e+00
3.2043e+02	0.0000e+00
3.2054e+02	0.0000e+00
3.2065e+02	0.0000e+00
3.2076e+02	0.0000e+00
3.2087e+02	0.0000e+00
3.2098e+02	0.0000e+00
3.2109e+02	0.0000e+00
3.2120e+02	0.0000e+00
3.2131e+02	0.0000e+00
3.2142e+02	0.0000e+00
3.2152e+02	0.0000e+00
3.2163e+02	0.0000e+00
3.2174e+02	0.0000e+00
3.2185e+02	0.0000e+00
3.2196e+02	0.0000e+00
3.2207e+02	0.0000e+00
3.2218e+02	0.0000e+00
3.2229e+02	0.0000e+00
3.2240e+02	0.0000e+00
3.2250e+02	0.0000e+00
3.2261e+02	0.0000e+00
3.2272e+02	0.0000e+00
3.2283e+02	0.0000e+00
3.2294e+02	0.0000e+00
3.2305e+02	0.0000e+00
3.2316e+02	0.0000e+00
3.2327e+02	0.0000e+00
3.2337e+02	0.0000e+00
3.2348e+02	0.0000e+00
3.2359e+02	0.0000e+00
3.2370e+02	0.0000e+00
3.2381e+02	0.0000e+00
3.2392e+02	0.0000e+00
3.2403e+02	0.0000e+00
3.2414e+02	0.0000e+00
3.2424e+02	0.0000e+00
3.2435e+02	0.0000e+00
3.2446e+02	0.0000e+00
3.2457e+02	0.0000e+00
3.2468e+02	0.0000e+00
3.2479e+02	0.0000e+00
3.2490e+02	0.0000e+00
3.2501e+02	0.0000e+00
3.2511e+02	0.0000e+00
3.2522e+02	0.0000e+00
3.2533e+02	0.0000e+00
3.2544e+02	0.0000e+00
3.2555e+02	0.0000e+00
3.2566e+02	0.0000e+00
3.2577e+02	0.0000e+00
3.2587e+02	0.0000e+00
3.2598e+02	0.0000e+00
3.2609e+02	0.0000e+00
3.2620e+02	0.0000e+00
3.2631e+02	0.0000e+00
3.2642e+02	0.0000e+00
3.2653e+02	0.0000e+00
3.2663e+02	0.0000e+00
3.2674e+02	0.0000e+00
3.2685e+02	0.0000e+00
3.2696e+02	0.0000e+00
3.2707e+02	0.0000e+00
3.2718e+02	0.0000e+00
3.2728e+02	0.0000e+00
3.2739e+02	0.0000e+00
3.2750e+02	0.0000e+00
3.2761e+02	0.0000e+00
3.2772e+02	0.0000e+00
3.2783e+02	0.0000e+00
3.2794e+02	0.0000e+00
3.2804e+02	0.0000e+00
3.2815e+02	0.0000e+00
3.2826e+02	0.0000e+00
3.2837e+02	0.0000e+00
3.2848e+02	0.0000e+00
3.2859e+02	0.0000e+00
3.2869e+02	0.0000e+00
3.2880e+02	0.0000e+00
3.2891e+02	0.0000e+00
3.2902e+02	0.0000e+00
3.2913e+02	0.0000e+00
3.2924e+02	0.0000e+00
3.2934e+02	0.0000e+00
3.2945e+02	0.0000e+00
3.2956e+02	0.0000e+00
3.2967e+02	0.0000e+00
3.2978e+02	0.0000e+00
3.2989e+02	0.0000e+00
3.2999e+02	0.0000e+00
3.3010e+02	0.0000e+00
3.3021e+02	0.0000e+00
3.3032e+02	0.0000e+00
3.3043e+02	0.0000e+00
3.3054e+02	0.0000e+00
3.3064e+02	0.0000e+00
3.3075e+02	0.0000e+00
3.3086e+02	0.0000e+00
3.3097e+02	0.0000e+00
3.3108e+02	0.0000e+00
3.3118e+02	0.0000e+00
3.3129e+02	0.0000e+00
3.3140e+02	0.0000e+00
3.3151e+02	0.0000e+00
3.3162e+02	0.0000e+00
3.3173e+02	0.0000e+00
3.3183e+02	0.0000e+00
3.3194e+02	0.0000e+00
3.3205e+02	0.0000e+00
3.3216e+02	0.0000e+00
3.3227e+02	0.0000e+00
3.3237e+02	0.0000e+00
3.3248e+02	0.0000e+00
3.3259e+02	0.0000e+00
3.3270e+02	0.0000e+00
3.3281e+02	0.0000e+00
3.3291e+02	0.0000e+00
3.3302e+02	0.0000e+00
3.3313e+02	0.0000e+00
3.3324e+02	0.0000e+00
3.3335e+02	0.0000e+00
3.3345e+02	0.0000e+00
3.3356e+02	0.0000e+00
3.3367e+02	0.0000e+00
3.3378e+02	0.0000e+00
3.3389e+02	0.0000e+00
3.3399e+02	0.0000e+00
3.3410e+02	0.0000e+00
3.3421e+02	0.0000e+00
3.3432e+02	0.0000e+00
3.3443e+02	0.0000e+00
3.3453e+02	0.0000e+00
3.3464e+02	0.0000e+00
3.3475e+02	0.0000e+00
3.3486e+02	0.0000e+00
3.3497e+02	0.0000e+00
3.3507e+02	0.0000e+00
3.3518e+02	0.0000e+00
3.3529e+02	0.0000e+00
3.3540e+02	0.0000e+00
3.3550e+02	0.0000e+00
3.3561e+02	0.0000e+00
3.3572e+02	0.0000e+00
3.3583e+02	0.0000e+00
3.3594e+02	0.0000e+00
3.3604e+02	0.0000e+00
3.3615e+02	0.0000e+00
3.3626e+02	0.0000e+00
3.3637e+02	0.0000e+00
3.3648e+02	0.0000e+00
3.3658e+02	0.0000e+00
3.3669e+02	0.0000e+00
3.3680e+02	0.0000e+00
3.3691e+02	0.0000e+00
3.3701e+02	0.0000e+00
3.3712e+02	0.0000e+00
3.3723e+02	0.0000e+00
3.3734e+02	0.0000e+00
3.3744e+02	0.0000e+00
3.3755e+02	0.0000e+00
3.3766e+02	0.0000e+00
3.3777e+02	0.0000e+00
3.3788e+02	0.0000e+00
3.3798e+02	0.0000e+00
3.3809e+02	0.0000e+00
3.3820e+02	0.0000e+00
3.3831e+02	0.0000e+00
3.3841e+02	0.0000e+00
3.3852e+02	0.0000e+00
3.3863e+02	0.0000e+00
3.3874e+02	0.0000e+00
3.3884e+02	0.0000e+00
3.3895e+02	0.0000e+00
3.3906e+02	0.0000e+00
3.3917e+02	0.0000e+00
3.3927e+02	0.0000e+00
3.3938e+02	0.0000e+00
3.3949e+02	0.0000e+00
3.3960e+02	0.0000e+00
3.3970e+02	0.0000e+00
3.3981e+02	0.0000e+00
3.3992e+02	0.0000e+00
3.4003e+02	0.0000e+00
3.4013e+02	0.0000e+00
3.4024e+02	0.0000e+00
3.4035e+02	0.0000e+00
3.4046e+02	0.0000e+00
3.4056e+02	0.0000e+00
3.4067e+02	0.0000e+00
3.4078e+02	0.0000e+00
3.4089e+02	0.0000e+00
3.4099e+02	0.0000e+00
3.4110e+02	0.0000e+00
3.4121e+02	0.0000e+00
3.4132e+02	0.0000e+00
3.4142e+02	0.0000e+00
3.4153e+02	0.0000e+00
3.4164e+02	0.0000e+00
3.4175e+02	0.0000e+00
3.4185e+02	0.0000e+00
3.4196e+02	0.0000e+00
3.4207e+02	0.0000e+00
3.4218e+02	0.0000e+00
3.4228e+02	0.0000e+00
3.4239e+02	0.0000e+00
3.4250e+02	0.0000e+00
3.4260e+02	0.0000e+00
3.4271e+02	0.0000e+00
3.4282e+02	0.0000e+00
3.4293e+02	0.0000e+00
3.4303e+02	0.0000e+00
3.4314e+02	0.0000e+00
3.4325e+02	0.0000e+00
3.4336e+02	0.0000e+00
3.4346e+02	0.0000e+00
3.4357e+02	0.0000e+00
3.4368e+02	0.0000e+00
3.4378e+02	0.0000e+00
3.4389e+02	0.0000e+00
3.4400e+02	0.0000e+00
3.4411e+02	0.0000e+00
3.4421e+02	0.0000e+00
3.4432e+02	0.0000e+00
3.4443e+02	0.0000e+00
3.4453e+02	0.0000e+00
3.4464e+02	0.0000e+00
3.4475e+02	0.0000e+00
3.4486e+02	0.0000e+00
3.4496e+02	0.0000e+00
3.4507e+02	0.0000e+00
3.4518e+02	0.0000e+00
3.4528e+02	0.0000e+00
3.4539e+02	0.0000e+00
3.4550e+02	0.0000e+00
3.4561e+02	0.0000e+00
3.4571e+02	0.0000e+00
3.4582e+02	0.0000e+00
3.4593e+02	0.0000e+00
3.4603e+02	0.0000e+00
3.4614e+02	0.0000e+00
3.4625e+02	0.0000e+00
3.4635e+02	0.0000e+00
3.4646e+02	0.0000e+00
3.4657e+02	0.0000e+00
3.4668e+02	0.0000e+00
3.4678e+02	0.0000e+00
3.4689e+02	0.0000e+00
3.4700e+02	0.0000e+00
3.4710e+02	0.0000e+00
3.4721e+02	0.0000e+00
3.4732e+02	0.0000e+00
3.4742e+02	0.0000e+00
3.4753e+02	0.0000e+00
3.4764e+02	0.0000e+00
3.4774e+02	0.0000e+00
3.4785e+02	0.0000e+00
3.4796e+02	0.0000e+00
3.4807e+02	0.0000e+00
3.4817e+02	0.0000e+00
3.4828e+02	0.0000e+00
3.4839e+02	0.0000e+00
3.4849e+02	0.0000e+00
3.4860e+02	0.0000e+00
3.4871e+02	0.0000e+00
3.4881e+02	0.0000e+00
3.4892e+02	0.0000e+00
3.4903e+02	0.0000e+00
3.4913e+02	0.0000e+00
3.4924e+02	0.0000e+00
3.4935e+02	0.0000e+00
3.4945e+02	0.0000e+00
3.4956e+02	0.0000e+00
3.4967e+02	0.0000e+00
3.4977e+02	0.0000e+00
3.4988e+02	0.0000e+00
3.4999e+02	0.0000e+00
3.5009e+02	0.0000e+00
3.5020e+02	0.0000e+00
3.5031e+02	0.0000e+00
3.5041e+02	0.0000e+00
3.5052e+02	0.0000e+00
3.5063e+02	0.0000e+00
3.5073e+02	0.0000e+00
3.5084e+02	0.0000e+00
3.5095e+02	0.0000e+00
3.5105e+02	0.0000e+00
3.5116e+02	0.0000e+00
3.5127e+02	0.0000e+00
3.5137e+02	0.0000e+00
3.5148e+02	0.0000e+00
3.5159e+02	0.0000e+00
3.5169e+02	0.0000e+00
3.5180e+02	0.0000e+00
3.5191e+02	0.0000e+00
3.5201e+02	0.0000e+00
3.5212e+02	0.0000e+00
3.5223e+02	0.0000e+00
3.5233e+02	0.0000e+00
3.5244e+02	0.0000e+00
3.5255e+02	0.0000e+00
3.5265e+02	0.0000e+00
3.5276e+02	0.0000e+00
3.5287e+02	0.0000e+00
3.5297e+02	0.0000e+00
3.5308e+02	0.0000e+00
3.5319e+02	0.0000e+00
3.5329e+02	0.0000e+00
3.5340e+02	0.0000e+00
3.5350e+02	0.0000e+00
3.5361e+02	0.0000e+00
3.5372e+02	0.0000e+00
3.5382e+02	0.0000e+00
3.5393e+02	0.0000e+00
3.5404e+02	0.0000e+00
3.5414e+02	0.0000e+00
3.5425e+02	0.0000e+00
3.5436e+02	0.0000e+00
3.5446e+02	0.0000e+00
3.5457e+02	0.0000e+00
3.5468e+02	0.0000e+00
3.5478e+02	0.0000e+00
3.5489e+02	0.0000e+00
3.5499e+02	0.0000e+00
3.5510e+02	0.0000e+00
3.5521e+02	0.0000e+00
3.5531e+02	0.0000e+00
3.5542e+02	0.0000e+00
3.5553e+02	0.0000e+00
3.5563e+02	0.0000e+00
3.5574e+02	0.0000e+00
3.5584e+02	0.0000e+00
3.5595e+02	0.0000e+00
3.5606e+02	0.0000e+00
3.5616e+02	0.0000e+00
3.5627e+02	0.0000e+00
3.5638e+02	0.0000e+00
3.5648e+02	0.0000e+00
3.5659e+02	0.0000e+00
3.5669e+02	0.0000e+00
3.5680e+02	0.0000e+00
3.5691e+02	0.0000e+00
3.5701e+02	0.0000e+00
3.5712e+02	0.0000e+00
3.5723e+02	0.0000e+00
3.5733e+02	0.0000e+00
3.5744e+02	0.0000e+00
3.5754e+02	0.0000e+00
3.5765e+02	0.0000e+00
3.5776e+02	0.0000e+00
3.5786e+02	0.0000e+00
3.5797e+02	0.0000e+00
3.5807e+02	0.0000e+00
3.5818e+02	0.0000e+00
3.5829e+02	0.0000e+00
3.5839e+02	0.0000e+00
3.5850e+02	0.0000e+00
3.5860e+02	0.0000e+00
3.5871e+02	0.0000e+00
3.5882e+02	0.0000e+00
3.5892e+02	0.0000e+00
3.5903e+02	0.0000e+00
3.5913e+02	0.0000e+00
3.5924e+02	0.0000e+00
3.5935e+02	0.0000e+00
3.5945e+02	0.0000e+00
3.5956e+02	0.0000e+00
3.5966e+02	0.0000e+00
3.5977e+02	0.0000e+00
3.5988e+02	0.0000e+00
3.5998e+02	0.0000e+00
3.6009e+02	0.0000e+00
3.6019e+02	0.0000e+00
3.6030e+02	0.0000e+00
3.6041e+02	0.0000e+00
3.6051e+02	0.0000e+00
3.6062e+02	0.0000e+00
3.6072e+02	0.0000e+00
3.6083e+02	0.0000e+00
3.6094e+02	0.0000e+00
3.6104e+02	0.0000e+00
3.6115e+02	0.0000e+00
3.6125e+02	0.0000e+00
3.6136e+02	0.0000e+00
3.6146e+02	0.0000e+00
3.6157e+02	0.0000e+00
3.6168e+02	0.0000e+00
3.6178e+02	0.0000e+00
3.6189e+02	0.0000e+00
3.6199e+02	0.0000e+00
3.6210e+02	0.0000e+00
3.6221e+02	0.0000e+00
3.6231e+02	0.0000e+00
3.6242e+02	0.0000e+00
3.6252e+02	0.0000e+00
3.6263e+02	0.0000e+00
3.6273e+02	0.0000e+00
3.6284e+02	0.0000e+00
3.6295e+02	0.0000e+00
3.6305e+02	0.0000e+00
3.6316e+02	0.0000e+00
3.6326e+02	0.0000e+00
3.6337e+02	0.0000e+00
3.6347e+02	0.0000e+00
3.6358e+02	0.0000e+00
3.6369e+02	0.0000e+00
3.6379e+02	0.0000e+00
3.6390e+02	0.0000e+00
3.6400e+02	0.0000e+00
3.6411e+02	0.0000e+00
3.6421e+02	0.0000e+00
3.6432e+02	0.0000e+00
3.6442e+02	0.0000e+00
3.6453e+02	0.0000e+00
3.6464e+02	0.0000e+00
3.6474e+02	0.0000e+00
3.6485e+02	0.0000e+00
3.6495e+02	0.0000e+00
3.6506e+02	0.0000e+00
3.6516e+02	0.0000e+00
3.6527e+02	0.0000e+00
3.6537e+02	0.0000e+00
3.6548e+02	0.0000e+00
3.6559e+02	0.0000e+00
3.6569e+02	0.0000e+00
3.6580e+02	0.0000e+00
3.6590e+02	0.0000e+00
3.6601e+02	0.0000e+00
3.6611e+02	0.0000e+00
3.6622e+02	0.0000e+00
3.6632e+02	0.0000e+00
3.6643e+02	0.0000e+00
3.6653e+02	0.0000e+00
3.6664e+02	0.0000e+00
3.6675e+02	0.0000e+00
3.6685e+02	0.0000e+00
3.6696e+02	0.0000e+00
3.6706e+02	0.0000e+00
3.6717e+02	0.0000e+00
3.6727e+02	0.0000e+00
3.6738e+02	0.0000e+00
3.6748e+02	0.0000e+00
3.6759e+02	0.0000e+00
3.6769e+02	0.0000e+00
3.6780e+02	0.0000e+00
3.6790e+02	0.0000e+00
3.6801e+02	0.0000e+00
3.6811e+02	0.0000e+00
3.6822e+02	0.0000e+00
3.6833e+02	0.0000e+00
3.6843e+02	0.0000e+00
3.6854e+02	0.0000e+00
3.6864e+02	0.0000e+00
3.6875e+02	0.0000e+00
3.6885e+02	0.0000e+00
3.6896e+02	0.0000e+00
3.6906e+02	0.0000e+00
3.6917e+02	0.0000e+00
3.6927e+02	0.0000e+00
3.6938e+02	0.0000e+00
3.6948e+02	0.0000e+00
3.6959e+02	0.0000e+00
3.6969e+02	0.0000e+00
3.6980e+02	0.0000e+00
3.6990e+02	0.0000e+00
3.7001e+02	0.0000e+00
3.7011e+02	0.0000e+00
3.7022e+02	0.0000e+00
3.7032e+02	0.0000e+00
3.7043e+02	0.0000e+00
3.7053e+02	0.0000e+00
3.7064e+02	0.0000e+00
3.7074e+02	0.0000e+00
3.7085e+02	0.0000e+00
3.7095e+02	0.0000e+00
3.7106e+02	0.0000e+00
3.7117e+02	0.0000e+00
3.7127e+02	0.0000e+00
3.7138e+02	0.0000e+00
3.7148e+02	0.0000e+00
3.7159e+02	0.0000e+00
3.7169e+02	0.0000e+00
3.7180e+02	0.0000e+00
3.7190e+02	0.0000e+00
3.7201e+02	0.0000e+00
3.7211e+02	0.0000e+00
3.7222e+02	0.0000e+00
3.7232e+02	0.0000e+00
3.7243e+02	0.0000e+00
3.7253e+02	0.0000e+00
3.7263e+02	0.0000e+00
3.7274e+02	0.0000e+00
3.7284e+02	0.0000e+00
3.7295e+02	0.0000e+00
3.7305e+02	0.0000e+00
3.7316e+02	0.0000e+00
3.7326e+02	0.0000e+00
3.7337e+02	0.0000e+00
3.7347e+02	0.0000e+00
3.7358e+02	0.0000e+00
3.7368e+02	0.0000e+00
3.7379e+02	0.0000e+00
3.7389e+02	0.0000e+00
3.7400e+02	0.0000e+00
3.7410e+02	0.0000e+00
3.7421e+02	0.0000e+00
3.7431e+02	0.0000e+00
3.7442e+02	0.0000e+00
3.7452e+02	0.0000e+00
3.7463e+02	0.0000e+00
3.7473e+02	0.0000e+00
3.7484e+02	0.0000e+00
3.7494e+02	0.0000e+00
3.7505e+02	0.0000e+00
3.7515e+02	0.0000e+00
3.7526e+02	0.0000e+00
3.7536e+02	0.0000e+00
3.7547e+02	0.0000e+00
3.7557e+02	0.0000e+00
3.7567e+02	0.0000e+00
3.7578e+02	0.0000e+00
3.7588e+02	0.0000e+00
3.7599e+02	0.0000e+00
3.7609e+02	0.0000e+00
3.7620e+02	0.0000e+00
3.7630e+02	0.0000e+00
3.7641e+02	0.0000e+00
3.7651e+02	0.0000e+00
3.7662e+02	0.0000e+00
3.7672e+02	0.0000e+00
3.7683e+02	0.0000e+00
3.7693e+02	0.0000e+00
3.7704e+02	0.0000e+00
3.7714e+02	0.0000e+00
3.7724e+02	0.0000e+00
3.7735e+02	0.0000e+00
3.7745e+02	0.0000e+00
3.7756e+02	0.0000e+00
3.7766e+02	0.0000e+00
3.7777e+02	0.0000e+00
3.7787e+02	0.0000e+00
3.7798e+02	0.0000e+00
3.7808e+02	0.0000e+00
3.7819e+02	0.0000e+00
3.7829e+02	0.0000e+00
3.7839e+02	0.0000e+00
3.7850e+02	0.0000e+00
3.7860e+02	0.0000e+00
3.7871e+02	0.0000e+00
3.7881e+02	0.0000e+00
3.7892e+02	0.0000e+00
3.7902e+02	0.0000e+00
3.7913e+02	0.0000e+00
3.7923e+02	0.0000e+00
3.7933e+02	0.0000e+00
3.7944e+02	0.0000e+00
3.7954e+02	0.0000e+00
3.7965e+02	0.0000e+00
3.7975e+02	0.0000e+00
3.7986e+02	0.0000e+00
3.7996e+02	0.0000e+00
3.8006e+02	0.0000e+00
3.8017e+02	0.0000e+00
3.8027e+02	0.0000e+00
3.8038e+02	0.0000e+00
3.8048e+02	0.0000e+00
3.8059e+02	0.0000e+00
3.8069e+02	0.0000e+00
3.8079e+02	0.0000e+00
3.8090e+02	0.0000e+00
3.8100e+02	0.0000e+00
3.8111e+02	0.0000e+00
3.8121e+02	0.0000e+00
3.8132e+02	0.0000e+00
3.8142e+02	0.0000e+00
3.8152e+02	0.0000e+00
3.8163e+02	0.0000e+00
3.8173e+02	0.0000e+00
3.8184e+02	0.0000e+00
3.8194e+02	0.0000e+00
3.8205e+02	0.0000e+00
3.8215e+02	0.0000e+00
3.8225e+02	0.0000e+00
3.8236e+02	0.0000e+00
3.8246e+02	0.0000e+00
3.8257e+02	0.0000e+00
3.8267e+02	0.0000e+00
3.8277e+02	0.0000e+00
3.8288e+02	0.0000e+00
3.8298e+02	0.0000e+00
3.8309e+02	0.0000e+00
3.8319e+02	0.0000e+00
3.8330e+02	0.0000e+00
3.8340e+02	0.0000e+00
3.8350e+02	0.0000e+00
3.8361e+02	0.0000e+00
3.8371e+02	0.0000e+00
3.8382e+02	0.0000e+00
3.8392e+02	0.0000e+00
3.8402e+02	0.0000e+00
3.8413e+02	0.0000e+00
3.8423e+02	0.0000e+00
3.8434e+02	0.0000e+00
3.8444e+02	0.0000e+00
3.8454e+02	0.0000e+00
3.8465e+02	0.0000e+00
3.8475e+02	0.0000e+00
3.8486e+02	0.0000e+00
3.8496e+02	0.0000e+00
3.8506e+02	0.0000e+00
3.8517e+02	0.0000e+00
3.8527e+02	0.0000e+00
3.8538e+02	0.0000e+00
3.8548e+02	0.0000e+00
3.8558e+02	0.0000e+00
3.8569e+02	0.0000e+00
3.8579e+02	0.0000e+00
3.8590e+02	0.0000e+00
3.8600e+02	0.0000e+00
3.8610e+02	0.0000e+00
3.8621e+02	0.0000e+00
3.8631e+02	0.0000e+00
3.8641e+02	0.0000e+00
3.8652e+02	0.0000e+00
3.8662e+02	0.0000e+00
3.8673e+02	0.0000e+00
3.8683e+02	0.0000e+00
3.8693e+02	0.0000e+00
3.8704e+02	0.0000e+00
3.8714e+02	0.0000e+00
3.8724e+02	0.0000e+00
3.8735e+02	0.0000e+00
3.8745e+02	0.0000e+00
3.8756e+02	0.0000e+00
3.8766e+02	0.0000e+00
3.8776e+02	0.0000e+00
3.8787e+02	0.0000e+00
3.8797e+02	0.0000e+00
3.8807e+02	0.0000e+00
3.8818e+02	0.0000e+00
3.8828e+02	0.0000e+00
3.8839e+02	0.0000e+00
3.8849e+02	0.0000e+00
3.8859e+02	0.0000e+00
3.8870e+02	0.0000e+00
3.8880e+02	0.0000e+00
3.8890e+02	0.0000e+00
3.8901e+02	0.0000e+00
3.8911e+02	0.0000e+00
3.8922e+02	0.0000e+00
3.8932e+02	0.0000e+00
3.8942e+02	0.0000e+00
3.8953e+02	0.0000e+00
3.8963e+02	0.0000e+00
3.8973e+02	0.0000e+00
3.8984e+02	0.0000e+00
3.8994e+02	0.0000e+00
3.9004e+02	0.0000e+00
3.9015e+02	0.0000e+00
3.9025e+02	0.0000e+00
3.9035e+02	0.0000e+00
3.9046e+02	0.0000e+00
3.9056e+02	0.0000e+00
3.9066e+02	0.0000e+00
3.9077e+02	0.0000e+00
3.9087e+02	0.0000e+00
3.9098e+02	0.0000e+00
3.9108e+02	0.0000e+00
3.9118e+02	0.0000e+00
3.9129e+02	0.0000e+00
3.9139e+02	0.0000e+00
3.9149e+02	0.0000e+00
3.9160e+02	0.0000e+00
3.9170e+02	0.0000e+00
3.9180e+02	0.0000e+00
3.9191e+02	0.0000e+00
3.9201e+02	0.0000e+00
3.9211e+02	0.0000e+00
3.9222e+02	0.0000e+00
3.9232e+02	0.0000e+00
3.9242e+02	0.0000e+00
3.9253e+02	0.0000e+00
3.9263e+02	0.0000e+00
3.9273e+02	0.0000e+00
3.9284e+02	0.0000e+00
3.9294e+02	0.0000e+00
3.9304e+02	0.0000e+00
3.9315e+02	0.0000e+00
3.9325e+02	0.0000e+00
3.9335e+02	0.0000e+00
3.9346e+02	0.0000e+00
3.9356e+02	0.0000e+00
3.9366e+02	0.0000e+00
3.9377e+02	0.0000e+00
3.9387e+02	0.0000e+00
3.9397e+02	0.0000e+00
3.9408e+02	0.0000e+00
3.9418e+02	0.0000e+00
3.9428e+02	0.0000e+00
3.9439e+02	0.0000e+00
3.9449e+02	0.0000e+00
3.9459e+02	0.0000e+00
3.9469e+02	0.0000e+00
3.9480e+02	0.0000e+00
3.9490e+02	0.0000e+00
3.9500e+02	0.0000e+00
3.9511e+02	0.0000e+00
3.9521e+02	0.0000e+00
3.9531e+02	0.0000e+00
3.9542e+02	0.0000e+00
3.9552e+02	0.0000e+00
3.9562e+02	0.0000e+00
3.9573e+02	0.0000e+00
3.9583e+02	0.0000e+00
3.9593e+02	0.0000e+00
3.9604e+02	0.0000e+00
3.9614e+02	0.0000e+00
3.9624e+02	0.0000e+00
3.9634e+02	0.0000e+00
3.9645e+02	0.0000e+00
3.9655e+02	0.0000e+00
3.9665e+02	0.0000e+00
3.9676e+02	0.0000e+00
3.9686e+02	0.0000e+00
3.9696e+02	0.0000e+00
3.9707e+02	0.0000e+00
3.9717e+02	0.0000e+00
3.9727e+02	0.0000e+00
3.9737e+02	0.0000e+00
3.9748e+02	0.0000e+00
3.9758e+02	0.0000e+00
3.9768e+02	0.0000e+00
3.9779e+02	0.0000e+00
3.9789e+02	0.0000e+00
3.9799e+02	0.0000e+00
3.9810e+02	0.0000e+00
3.9820e+02	0.0000e+00
3.9830e+02	0.0000e+00
3.9840e+02	0.0000e+00
3.9851e+02	0.0000e+00
3.9861e+02	0.0000e+00
3.9871e+02	0.0000e+00
3.9882e+02	0.0000e+00
3.9892e+02	0.0000e+00
3.9902e+02	0.0000e+00
3.9912e+02	0.0000e+00
3.9923e+02	0.0000e+00
3.9933e+02	0.0000e+00
3.9943e+02	0.0000e+00
3.9953e+02	0.0000e+00
3.9964e+02	0.0000e+00
3.9974e+02	0.0000e+00
3.9984e+02	0.0000e+00
3.9995e+02	0.0000e+00
